label,prob
1,0.9483855990628309
1,0.9876446484686415
1,0.7740036317978738
1,0.3502061321031306
1,0.9915867025491774
1,0.27997770434543073
1,0.9999475479505532
1,0.9965899186946345
1,0.08498347292081333
1,0.03009162093830111
1,0.28508596776060174
1,0.8502791632466332
1,0.9487280585914522
1,0.9999752297675715
1,0.965839219143325
1,0.9960195842250695
1,0.9171730994787564
1,0.9975818265157479
1,0.013696982761282343
1,0.8650847619896951
1,0.9083713047099194
1,0.9831728154874192
1,0.9999799311587334
1,0.06096534058166841
1,0.9999611463152276
1,0.9772097975950288
1,0.9279311670714867
1,0.973244230051785
1,0.996099519297991
1,0.971385981524178
1,0.9235012691556482
1,0.2301617036615649
1,0.9278837167826354
1,0.13518392254367065
1,0.8739738910010623
1,0.9922546524005069
1,0.9991242152517349
-1,3.6313622434132656E-7
-1,0.02051478930175074
-1,3.5528659965438535E-10
-1,0.017168050684379516
-1,9.422943242292946E-6
-1,0.03303101358993919
-1,7.39491159964673E-6
-1,0.06352411398554504
-1,0.006098793102976722
-1,0.06974758358851915
-1,2.2521263762289182E-6
-1,0.09229497629848382
-1,2.055458402094411E-6
-1,1.8398849140140905E-7
-1,1.768981291448781E-6
-1,0.011720593017954958
-1,0.04911985806803252
-1,0.006906083684155744
-1,1.4182456042080915E-6
-1,0.14363329911745015
-1,0.004842240978026297
-1,0.03848280517581344
-1,0.07548748039044055
-1,0.0127362973907957
-1,0.09730684769018819
-1,0.013956509659848317
-1,0.018965924583076846
-1,1.3302106031229153E-6
-1,0.02486640073889646
-1,0.039392808000669605
-1,0.03808673672421706
-1,0.1819820435240044
-1,0.07100261346535025
-1,0.017985072822815893
-1,1.1055768724397917E-5
-1,3.030030661686184E-7
-1,2.704111689746839E-6
-1,0.003995088241594159
-1,0.04054730310178406
-1,0.03557925510978757
-1,0.09179621616911975
-1,0.011981194829200847
-1,2.3352716532305467E-7
-1,0.016634807978936045
-1,8.592953299815135E-8
-1,9.744579003172629E-6
-1,0.010989560717196015
-1,0.05916968792517659
-1,0.08455200775660174
-1,0.0036474006547748674
-1,0.04396549321573405
-1,0.00821999567041511
-1,0.08568835472522995
-1,0.013581630829225285
-1,1.6418840183456485E-6
-1,6.314455760109311E-6
-1,6.918251499995941E-6
-1,0.01602701365858193
-1,0.010146873430449625
-1,0.1343014363600468
-1,0.013629620515536553
-1,0.015250574809856886
-1,1.09136213208896E-7
-1,0.3860511723995986
-1,0.0349130548722605
-1,0.02003178009928118
-1,0.053465807884640455
-1,0.006593191758900226
-1,0.030371714557036945
-1,2.0026050822956875E-6
-1,4.486057146455723E-6
-1,0.029791975996768427
-1,0.02288346155912017
-1,0.023036686101333526
-1,0.16902391193970068
-1,0.0562193607013342
-1,0.025870178957773875
-1,0.14043295735317138
-1,0.03923220934801682
-1,0.009881336217470912
-1,0.03648656864501223
-1,0.01118068120159459
-1,0.012939995321464125
-1,9.625457751892542E-6
-1,0.06025913953643946
-1,0.05064989656013267
-1,1.2117847216342087E-5
-1,0.005969091662927965
-1,0.06388203979775332
-1,0.0214384118987771
-1,0.0025227961004573485
-1,0.0039041201461666505
-1,0.02381582871758924
-1,0.005687825301521012
-1,2.6581139956855622E-8
-1,0.011688788708666494
-1,0.02863711368374925
-1,0.003012420940263595
-1,0.004160022040031952
-1,2.558882577638144E-7
-1,2.8665600394607895E-7
-1,9.460580725538281E-7
-1,1.4258909281352916E-7
-1,0.010794828089731378
-1,0.005007140255589108
-1,8.310587666681008E-8
-1,0.004858875834692679
-1,0.027208410685745806
-1,0.04636992168885922
-1,1.4767608647261211E-9
-1,0.026000320809702826
-1,0.036272936686745264
-1,0.0029975024761499307
-1,0.02317355625595398
-1,0.014679121730752202
-1,0.0029278670362488726
-1,0.003728809302900188
-1,0.008283486144333954
-1,0.05220226329349598
-1,0.037749877010826625
-1,0.008322283981011426
-1,0.028616037827818627
-1,0.0027567218962720264
-1,0.14637465124169693
-1,0.2283754206570187
1,0.9994814940311616
1,0.9996141322204269
1,0.8251290361136518
1,0.8945369863076307
1,0.9649871860081115
1,0.9934430167235703
1,0.9862545173318533
1,0.9996602022921026
1,0.028961837927905913
1,0.966117175913743
1,0.13896464901968775
1,0.9993501147876362
1,0.6615879184270513
1,0.011653725449773774
1,0.7540486723034806
1,0.9970095831270545
1,0.9811157088278855
1,0.9871642007552651
1,0.9808821679565382
1,0.9905142005271418
1,0.9852397489586313
1,0.9901717100466845
1,0.5647105539407238
1,0.9997922127787278
1,0.9919596433381483
1,0.04466809706251103
1,0.9300343968346794
1,0.7130144726907548
1,0.9554772009521593
1,0.9450815536198769
1,0.9482496569220474
1,0.27225650351220265
1,0.9307544558062626
1,0.978998402013834
1,0.10127144695244254
1,0.9896729747796449
1,0.987595834974246
-1,0.11909656084310238
-1,0.00266759971421742
-1,1.3032924603530818E-5
-1,1.5761596529710526E-6
-1,5.7466812267808366E-8
-1,0.4797582838655212
-1,0.05303172582041245
-1,0.007181920185685844
-1,0.07286218231803039
-1,0.055841963728115965
-1,0.046573843607121176
-1,0.0066921468282320675
-1,1.9391080186331987E-7
-1,3.784328327206756E-7
-1,0.14234624630728038
-1,8.94309569351233E-8
-1,0.02986493045880766
-1,0.004025686724564553
-1,0.0037088126502753354
-1,0.05022198507972774
-1,0.21642419880959607
-1,0.041613727894916026
-1,0.023514737336573457
-1,1.4471298772540009E-5
-1,2.0836821452526504E-8
-1,0.0046971461208860235
-1,0.03234595039639658
-1,0.009166368501382608
-1,0.025566401809517362
-1,1.0654915786268172E-5
-1,0.06749365234688935
-1,0.08509259601273392
-1,0.0898184082732378
-1,0.0035916376287085244
-1,0.0032520033420779765
-1,0.09132111272071687
-1,0.32347397348202184
-1,0.08063712031910211
-1,9.777275132049006E-9
-1,0.004606369713257591
-1,1.0910885865527533E-6
-1,0.02282922200697851
-1,0.014117061016339045
-1,0.08535516831343812
-1,0.0411527463631217
-1,8.280461029961393E-6
-1,2.577661214384031E-7
-1,0.004755602311202947
-1,0.07991010788934859
-1,0.008095205441669624
-1,4.193334953301661E-6
-1,0.003187481814886251
-1,0.007569035214609149
-1,1.2464649311801152E-5
-1,0.008256828745963996
-1,0.0758900147990905
-1,5.605261403659758E-8
-1,0.4119596504908356
-1,0.3550241834382548
-1,0.01435838151028873
-1,0.022822747564333556
-1,0.0640620402034465
-1,0.2908364051183999
-1,0.08016759968374733
-1,0.009591278396533585
-1,0.9457509319531985
-1,0.03150846496925475
-1,0.006598825856742898
-1,0.027881991162183557
-1,0.03737750648997364
-1,0.012042212798181996
-1,0.5
-1,0.009460342376938439
-1,0.020527052649857897
-1,3.228006581972549E-7
-1,0.059157064927621635
-1,0.01843734543105222
-1,0.09300109239057776
-1,0.014093085773656998
-1,0.1319720564120353
-1,0.0638295224322599
-1,2.079847738337574E-6
-1,0.003861840631164238
-1,0.0030820162971686924
-1,3.3124353350600543E-10
-1,0.005639797724102564
-1,0.9811192614371905
-1,0.19994915887204512
-1,0.03742270986937234
-1,0.003085244352117779
-1,0.12871241061205402
-1,2.082848856289089E-7
-1,0.016937775047219186
-1,0.023264448340242307
-1,0.006383335233642121
-1,0.02156938745333216
-1,0.08177639991833863
-1,0.0038097032017286032
-1,0.04988164101004016
-1,0.00992524876005231
-1,1.9783995570483356E-8
-1,9.438785343748877E-7
-1,0.01674468668170761
-1,0.05456832033873338
-1,0.008423379958372444
-1,1.6850869571139617E-8
-1,0.0553075663916956
-1,0.019028667040092866
-1,0.01051107765121578
-1,4.6338105631627374E-10
-1,0.004898850812610186
-1,0.0037302666594504026
-1,2.086223470359943E-6
-1,4.651202525878927E-6
-1,0.011154116859010035
-1,1.1689953237566287E-5
-1,0.2046333492067522
-1,0.005535995056136119
-1,0.008981811828107629
-1,3.7663834987742063E-7
-1,0.0239551276249313
-1,0.03897966448557409
-1,0.03687250534931729
-1,0.1839144974223399
-1,1.640458658546279E-8
1,0.14282515771755275
1,0.1973114075039047
1,0.9998036318383985
1,0.07531934097757219
1,0.9998258151432639
1,0.999597724946509
1,0.9998588567035818
1,0.48058258430110284
1,0.916382604014269
1,0.9988354633050053
1,0.9997763227165489
1,0.6839616996630663
1,0.9404301854966898
1,0.01662369932298537
1,0.9995285795947768
1,0.9998255142869396
1,0.978810561873193
1,0.004182193044368497
1,0.8559458504338019
1,0.9988756795132856
1,0.932631946302464
1,0.035701490140595225
1,0.9995238617955454
1,0.8465434150510728
1,0.9991899638921815
1,0.9987823466133325
1,0.9998588567035818
1,0.2860132580751475
1,0.004104906263881212
1,0.9691029654473599
1,0.9466651448365915
1,0.9908093972698306
1,0.9999727567345699
1,0.93773332262438
1,0.9999121543902754
1,0.9993284824896986
1,0.989799824412506
-1,2.234238189691531E-6
-1,0.01242212430371067
-1,0.003686613821533123
-1,2.977654229897497E-8
-1,0.00952099847125559
-1,0.006151250801352431
-1,0.1411447633264306
-1,0.009377931707500927
-1,1.8075020703335556E-5
-1,0.008935167540476081
-1,0.01099967932530344
-1,0.0076518208093693495
-1,9.18945804638783E-6
-1,0.003220871804952879
-1,0.06443137682134867
-1,0.004476200750270802
-1,1.6003925098525855E-6
-1,3.4253928884963947E-9
-1,0.004595598188275405
-1,0.010277882243119006
-1,0.08618274427808163
-1,0.0030748054863117386
-1,1.415908319739039E-6
-1,0.004221535908358359
-1,6.257073861521281E-7
-1,0.006266169229399996
-1,0.004318025963753943
-1,6.675563017157396E-7
-1,0.10857719398566523
-1,0.005584561098197566
-1,1.9895343683225234E-6
-1,0.0029185666971012054
-1,0.01288106309694204
-1,9.047295783181829E-6
-1,0.029493417151717362
-1,0.01827185050009617
-1,0.05910271096489548
-1,1.6188671863543919E-6
-1,0.0212453929697405
-1,0.04602272045958896
-1,0.19999391577775422
-1,4.946501078928965E-8
-1,0.025250873792930503
-1,0.005775305127984429
-1,0.006795663760429222
-1,1.2075172351841948E-5
-1,0.01699501578004907
-1,0.03122218889892115
-1,0.10713387612178525
-1,0.006155942088554741
-1,0.07253041873943011
-1,1.040413106989828E-5
-1,0.0029497429780170827
-1,0.007678708412766639
-1,0.007332484272837282
-1,6.403029087272243E-6
-1,0.040094772414858884
-1,0.010954674891634892
-1,0.0073762204869457755
-1,0.031224142692333662
-1,0.004478298118062224
-1,0.17657991121576203
-1,0.10562668423307456
-1,8.834762493189389E-8
-1,0.006954487356894555
-1,0.005117149473676675
-1,2.310844711678948E-8
-1,0.05668350700339516
-1,0.5680821183860254
-1,0.0037135797654420663
-1,1.9025720083197055E-7
-1,0.034410191352821036
-1,0.024853811531634996
-1,8.163328408156175E-8
-1,2.7169099247055393E-6
-1,0.006419483317919763
-1,0.5255391594878835
-1,0.06632353409268142
-1,0.002700660222604458
-1,0.48145983973918854
-1,0.060734103308056085
-1,0.059132990384004484
-1,0.07041222053712054
-1,0.04795360755398658
-1,0.5580670251036589
-1,0.005894314293896753
-1,1.761765019808327E-8
-1,0.007234219220201188
-1,3.216947923737381E-9
-1,6.981832165583275E-6
-1,0.044955445727238905
-1,1.2080822300889533E-6
-1,1.1647886153975718E-5
-1,2.6383693243835895E-8
-1,4.321825218901653E-7
-1,0.008555702265324663
-1,1.334545836915732E-8
-1,0.016067726340381436
-1,0.01315509769397028
-1,0.3167311461100998
-1,0.08172474489813507
-1,0.0763019320670858
-1,0.005120926388603532
-1,0.022384496222905
-1,5.536869383330008E-6
-1,0.0075019737910862385
-1,5.040451253992087E-7
-1,0.06278223816545735
-1,0.006030423705864236
-1,0.003732674728128099
-1,0.010019919294564793
-1,0.02032252648483227
-1,0.06203825563113197
-1,0.272265198291319
-1,0.0789247395812155
-1,4.003244792099947E-6
-1,9.859930616677172E-7
-1,0.007383647393430243
-1,0.03434532717381653
-1,8.063709757538295E-6
-1,0.0026760629920609485
-1,0.0026539467678197335
-1,0.18858414895662506
-1,0.03750800683737716
-1,0.006384626192771507
1,0.9947641266297711
1,0.9995806068040552
1,0.9982063503120933
1,0.9532758685545799
1,0.2194952000775681
1,0.22458448339684625
1,0.7630289001568364
1,0.7888798817832333
1,0.9078662060999798
1,0.008156313017459687
1,0.7109758114733793
1,0.9771946939465864
1,0.6066437647386175
1,0.22047660403835717
1,0.8151274155752222
1,0.9931811421943475
1,0.9982281749747515
1,0.9833754470306637
1,0.9997773296932656
1,0.9682540428958202
1,0.9948631153602264
1,0.6804006901887439
1,0.9981895773458811
1,0.5249488634417732
1,0.9903034967289419
1,0.9235119813396573
1,0.9991817837186429
1,0.9060518737622882
1,0.8643985669264318
1,0.9283270145436441
1,0.5
1,0.9887445872365539
1,0.9670606241978719
1,0.9983943286704786
1,0.9647590959106254
1,0.17289231459017068
1,0.09402018445211408
-1,0.0061543746845449665
-1,0.036150931092915145
-1,0.04465168887038199
-1,2.0240933395964216E-6
-1,0.008046983167880698
-1,2.796750314001301E-7
-1,0.04169393993849196
-1,0.02638154567260775
-1,0.08882588806223082
-1,0.006026101740341108
-1,0.1915382242630814
-1,0.005853986034725783
-1,0.019924230370695743
-1,1.2280272029089878E-7
-1,0.0346453567541214
-1,0.002873765384536295
-1,4.1118320454485746E-8
-1,0.04988601874414323
-1,1.8501060179341551E-6
-1,0.012497699865866262
-1,0.05983079526053882
-1,0.02096003071829416
-1,2.2069757700992978E-7
-1,0.016789047278637066
-1,0.012364482820568358
-1,0.02276440228555112
-1,0.02654153127969019
-1,0.017356382511226762
-1,0.03302243198565987
-1,0.0033762951188325524
-1,0.02889735111626812
-1,0.13143502855049635
-1,0.03290086238090498
-1,6.417606977493351E-6
-1,0.04100438333052079
-1,0.024219232231475804
-1,0.003994841304625612
-1,0.08541509010957725
-1,0.020282518148740013
-1,0.0026845855283703494
-1,7.269256998813239E-6
-1,0.04057680681929474
-1,0.05758467887650923
-1,4.633261062285144E-6
-1,0.06859435767964749
-1,0.046132488662569526
-1,0.2564433767796434
-1,0.010381864115577762
-1,0.07694034412772452
-1,0.006969619050164387
-1,1.9058122842170084E-5
-1,0.08419924542416349
-1,0.017448657732176704
-1,0.20789384487361218
-1,8.819355180558585E-6
-1,0.038835500498504476
-1,0.004514922139113524
-1,1.1874138419884072E-5
-1,0.4158611477023668
-1,0.009707936136097155
-1,0.07929210595679344
-1,0.05922071173640254
-1,1.1283978207550318E-5
-1,0.06560678390335045
-1,0.008540878536212423
-1,0.012409516023830579
-1,0.0035369364864029818
-1,0.010563464812782267
-1,0.07168363049796743
-1,0.01039916485171775
-1,0.07166870458231227
-1,0.013469546562342982
-1,0.008934504981161466
-1,0.006548305984926548
-1,3.9073575160571544E-9
-1,0.08965889168210125
-1,0.042536742124735835
-1,5.556387472397316E-7
-1,1.7488827236178718E-6
-1,0.012679077245977489
-1,0.05878734018698171
-1,0.008222518914954737
-1,0.010979453299725633
-1,0.009805024304187665
-1,0.026677078892318743
-1,0.013082708584218495
-1,0.012451141339304308
-1,0.6588787590777901
-1,0.013507490879200546
-1,0.09278354865847592
-1,5.502473508910311E-7
-1,0.00959109267678801
-1,0.002565202145250845
-1,0.01785588603847129
-1,0.21276098656114725
-1,1.7559042439170547E-7
-1,0.3256031966475364
-1,8.545940036108559E-8
-1,0.005927852789410312
-1,0.04718308515624545
-1,0.02063343057345843
-1,0.26994838772824736
-1,0.023511729257053793
-1,0.01405531083912471
-1,0.016595302079025133
-1,0.2656374443638927
-1,0.9823510200018698
-1,1.2444195873243633E-6
-1,0.006772726466582035
-1,0.010455317708858455
-1,0.10296171514258726
-1,0.42562348138509826
-1,0.0035120551224992486
-1,0.008509127221810438
-1,0.30779782235393266
-1,1.1038570520082317E-6
-1,1.3494393583619314E-5
-1,0.014943086006203594
-1,2.4516479962811032E-8
-1,0.21133653406120456
-1,0.014190272866789212
-1,0.045412191220302385
-1,0.0027024366985670023
-1,0.01550698866422045
-1,0.030109876454271798
1,0.9999908188173111
1,0.8728393932999307
1,0.9996761839237255
1,0.7774135475416148
1,0.9721759771984709
1,0.9792037754412675
1,0.9746460292250237
1,0.9999115639093565
1,0.5316080762250499
1,0.5247479880065904
1,0.9952875777547409
1,0.9803216057411303
1,0.9814513179487471
1,0.8686135680549896
1,0.764785614386652
1,0.9461115226396201
1,0.8731851416567392
1,0.5705736503249973
1,0.8735184761029477
1,0.9909123687232525
1,0.9798003803360392
1,0.8819899021861568
1,0.9808721003352641
1,0.3818406983660653
1,0.9998971583738462
1,0.9843635358496704
1,0.990400242321902
1,0.8921634619061122
1,0.1375991229095655
1,0.9992432820320111
1,0.3647703623836202
1,0.996652805872857
1,0.5890334565563672
1,0.9654463244117265
1,0.9387085981279821
1,0.999741687191662
1,0.9796433659525141
-1,8.729940901761134E-6
-1,0.024105874012053136
-1,0.009473487810475368
-1,0.06740437033066592
-1,0.15680589782441043
-1,0.061727950485440095
-1,0.01953365328116461
-1,0.11872182251284193
-1,0.06341388461047498
-1,0.0029938404730039635
-1,0.17193228070951064
-1,0.07826669020612062
-1,0.007408450640482359
-1,0.01604847613791403
-1,0.07827199770977027
-1,0.029269294459493042
-1,0.08589162881902708
-1,0.007418575899572937
-1,0.05093312768299887
-1,0.009950312947390436
-1,0.005664286850222086
-1,0.021301523277400394
-1,3.7995768140392244E-6
-1,0.007414054154895456
-1,0.02196065953591707
-1,0.046154256746180226
-1,0.04455579013312504
-1,0.003900565836060203
-1,0.00489162784067079
-1,0.11135431404627057
-1,0.027471640026040366
-1,0.47029521943338176
-1,0.06613494999713772
-1,4.730074277972515E-8
-1,0.017290210068452796
-1,0.8150756188883295
-1,0.10442920295520393
-1,0.1277976917478046
-1,0.06753295588172081
-1,0.005701315936237716
-1,1.8437705414284318E-5
-1,0.37659352347088837
-1,0.005057124983187286
-1,0.05698738765051236
-1,0.02868949483253292
-1,0.03745849079076778
-1,0.0047589627657464205
-1,8.171003108765488E-6
-1,0.2963503008052926
-1,3.5192767267481307E-7
-1,0.030449134543350454
-1,0.03889397204082815
-1,0.08959251769672749
-1,2.1987915141274612E-10
-1,0.18736797942776515
-1,0.025129629030570793
-1,0.0663675227610714
-1,1.4156535580573428E-6
-1,4.098004056871242E-7
-1,0.00785360678873968
-1,5.415348010412938E-6
-1,0.2376267526585895
-1,1.862014100713299E-7
-1,3.141730339394249E-6
-1,5.175323564331608E-7
-1,0.005076420776847238
-1,0.0757338172800732
-1,0.015706644150392902
-1,0.0038273297385192874
-1,0.006314977448217173
-1,6.326985908796752E-7
-1,0.005465322386233169
-1,8.089235655886726E-8
-1,2.7643361292267685E-6
-1,0.008407803014495912
-1,0.03234728766936118
-1,1.3197014107002187E-6
-1,0.037966364275185314
-1,0.06689945795139758
-1,2.862103583532349E-6
-1,0.0058023378865824544
-1,0.010167848788887763
-1,0.0029558451283052583
-1,0.025503671667303607
-1,2.184223661811822E-6
-1,0.8370268304376657
-1,0.010803574601822182
-1,0.042673873261058023
-1,0.013931109583676708
-1,0.004595851350453133
-1,0.01667267002508785
-1,0.03911149979854248
-1,0.008645967392622696
-1,2.086605863588331E-6
-1,0.34241307436937163
-1,0.2874192901980172
-1,0.05836907004767501
-1,0.511216196252153
-1,4.635232683165345E-7
-1,2.3238431885491162E-8
-1,0.021241684852728246
-1,0.021386924287584003
-1,0.05833941721689331
-1,0.013678349471002525
-1,0.009715402625317619
-1,0.04280821579490514
-1,0.01367194581403003
-1,0.7233545977229896
-1,0.006371119587135387
-1,1.3718797713045633E-5
-1,0.1922975166252748
-1,8.158419134485947E-6
-1,0.06589050045376922
-1,1.0000636208216112E-5
-1,0.03015028528339012
-1,0.05110983469893433
-1,0.0027137772786401536
-1,0.008036282728641412
-1,0.011078828262231425
-1,0.06865254622551714
-1,0.007601895028845907
-1,0.003981814519960764
-1,0.0027767442642950375
-1,0.365621948459184
-1,0.894241144848555
1,0.9879150687571172
1,0.9778780794669512
1,0.6142650893134268
1,0.09286158134005047
1,0.9139820710746248
1,0.9386711380769207
1,0.9882392461004513
1,0.9966746444079831
1,0.9660141766795994
1,0.042532871286382785
1,0.080695486417162
1,0.872085148996617
1,0.9961942538010432
1,0.29907929881021555
1,0.9073822747414244
1,0.992546470516865
1,0.7134424467283221
1,0.9011039436615422
1,0.99746851456957
1,0.9950046696410723
1,0.9746524910790075
1,0.9752091417102728
1,0.9131746263964025
1,0.30541572836966896
1,0.6783338179314261
1,0.8657769405689878
1,0.9431583147617814
1,0.9070843700321001
1,0.23865419314184985
1,0.022976466582372762
1,0.985282403714392
1,0.9988362451146717
1,0.5903559111350134
1,0.9574202560633185
1,0.875503472048876
1,0.952434351946345
1,0.9983850385797938
-1,0.0053678842260902315
-1,0.1950300328274244
-1,2.4216620219966403E-7
-1,0.3642872656830876
-1,1.6637032370023627E-5
-1,0.07390006022870817
-1,0.016698745273731556
-1,1.825916916264509E-13
-1,0.009547200009468479
-1,0.11445038808587245
-1,1.3278276614432888E-5
-1,0.003761567965920845
-1,0.03516179664836059
-1,3.616582917443749E-8
-1,0.02333410003972602
-1,0.03840098816035236
-1,0.005691515388435664
-1,6.742998806272346E-10
-1,0.007686790142101401
-1,0.012325793205416909
-1,0.3478983871339374
-1,0.005357682655885373
-1,2.832909334258666E-6
-1,0.004515542753493557
-1,0.004657006012330009
-1,0.013600950418298374
-1,0.016624386468452646
-1,0.01706374938096319
-1,0.01223196670142584
-1,0.07389541142565072
-1,0.08230555852854049
-1,1.1080260200161524E-9
-1,0.05531603740577901
-1,0.05388821809410091
-1,0.13734010387161782
-1,0.03563393686201879
-1,0.005535727076202766
-1,4.1638922220972885E-6
-1,0.009534867326047278
-1,0.006117835218727848
-1,4.611549746345041E-6
-1,9.212886786480833E-7
-1,2.366760212766602E-6
-1,0.002559681625987999
-1,0.6597279024467424
-1,0.05851469560256244
-1,0.004319029285924237
-1,0.052785347409881216
-1,0.054117719841206044
-1,3.505651618204767E-10
-1,0.23797593882727128
-1,1.5494279846538E-5
-1,1.1490037350219199E-5
-1,0.29631788818408744
-1,0.024490700282996783
-1,0.024040005414188357
-1,0.005557463319318824
-1,0.01226832952450444
-1,1.5732210661439618E-5
-1,2.9233717659631474E-6
-1,0.3246228957337521
-1,2.4733719726621815E-8
-1,0.005191887468837336
-1,0.0925819789458151
-1,0.0033534629931963795
-1,0.04599372470183749
-1,3.246244123941459E-6
-1,0.030213249746604092
-1,3.4653238349520315E-6
-1,0.08294945185111699
-1,0.019624643445778384
-1,0.013970553795648138
-1,0.01184567610974913
-1,0.045443313654875625
-1,0.009667355403820427
-1,0.021735004349248688
-1,0.0738705302226701
-1,0.018354361908801575
-1,0.06569139945352258
-1,0.013140560820734148
-1,0.004081299530753359
-1,0.07520269403916366
-1,0.03182979634592067
-1,0.01938797851483292
-1,1.4632997504132848E-5
-1,1.5644696629471715E-7
-1,0.14232222834436548
-1,0.2987282719013329
-1,0.0833098401673087
-1,0.09262598248740393
-1,5.502315088404043E-6
-1,0.0036668321843691303
-1,0.061507530021632784
-1,0.2775475634846296
-1,0.02633524184904399
-1,0.13663272546366614
-1,0.22848295068962146
-1,1.1594865071492021E-9
-1,0.037819393167432
-1,0.00481751425190496
-1,1.1906675432886544E-5
-1,7.188320989423045E-6
-1,3.897036896051724E-8
-1,0.053197968122560904
-1,0.002797481797493978
-1,0.002960478943571733
-1,0.01553784347007827
-1,2.593264340811396E-7
-1,7.655590910314687E-11
-1,5.43029560314758E-6
-1,0.19071493018963748
-1,0.01375940109081566
-1,0.011416141589038793
-1,0.11065643219044713
-1,0.01183918295545927
-1,0.017967386275953345
-1,0.13112874701845822
-1,0.011584812308120572
-1,1.2409561241974652E-5
-1,0.003660015341192373
-1,0.00523281471244739
-1,0.04574763881414335
-1,0.010663718004544593
-1,0.008459030166550599
-1,0.1252142515291876
1,0.9425922762239667
1,0.9981897959925411
1,0.9945280472321255
1,0.03145949817040857
1,0.9997358503862691
1,0.9457788401476309
1,0.2632246680488384
1,0.5
1,0.9996329974976006
1,0.33923187557184653
1,0.9998279211885299
1,0.9995165557071146
1,0.8441523002536354
1,0.9303710852913741
1,0.21071224974300964
1,0.9954852061879186
1,0.9947097074206702
1,0.9181537343674195
1,0.9968246945065024
1,0.14137583179389696
1,0.9925356958823748
1,0.5855158552657608
1,0.9992383002596948
1,0.23530940004150072
1,0.9956127548241038
1,0.9796788464216069
1,0.15197163487411391
1,0.918712871987703
1,0.9986985991874132
1,0.9891159366436878
1,0.7152458841578556
1,0.9863479918057537
1,0.904229519467361
1,0.8824685563356963
1,0.988030844895785
1,0.992944726296501
1,0.9862197019166117
-1,0.05119842998026712
-1,0.04579794857797833
-1,0.010105290507559166
-1,9.024976579033061E-10
-1,0.0228290534697207
-1,4.25542710899992E-8
-1,0.11105734500104134
-1,0.013497330158162494
-1,3.6040152137248334E-8
-1,0.0033160846796335473
-1,0.01596243819783825
-1,0.003071221315803507
-1,0.00391623259026156
-1,0.004823848511603685
-1,3.085459058901779E-8
-1,1.0867514706548897E-6
-1,0.035081020697898764
-1,0.09049888210587777
-1,0.04746784324041207
-1,0.01988023484327474
-1,0.01737979561046778
-1,0.003398617592323957
-1,0.23572924653707594
-1,0.020653881209738073
-1,0.0034301242863458686
-1,0.033893831512238196
-1,0.017006152966813463
-1,6.530823439508979E-7
-1,0.014687630989768108
-1,0.007008144783576425
-1,0.01125522876562932
-1,0.016049510406251098
-1,0.035532408069400785
-1,8.094212730560612E-6
-1,0.005023012808461772
-1,1.2752313295450817E-7
-1,0.689867839472959
-1,0.02433937992871093
-1,0.08748969555893087
-1,1.8067801339152295E-9
-1,0.11130361669376097
-1,1.7407489998274944E-5
-1,0.15369409133973905
-1,0.016700515179019267
-1,0.03279761444103556
-1,0.11849866040943396
-1,0.06788112255594826
-1,0.006088299153635434
-1,0.024383964361251054
-1,0.0026754684437910402
-1,0.09771242834773157
-1,0.17991629413379784
-1,0.021661415226912572
-1,1.482245380951381E-5
-1,0.07263566394506919
-1,0.0029782991003806684
-1,0.11729014185849153
-1,2.0320977478712598E-6
-1,0.061531331516253195
-1,0.04116845970620616
-1,0.013256098307321
-1,8.710433927463859E-7
-1,0.02794851072208762
-1,0.07394987310071219
-1,0.213858106824538
-1,0.019106885095837526
-1,0.00654194513300419
-1,8.72346217962983E-6
-1,0.04260419535132902
-1,0.11500950939593398
-1,0.0226369683046622
-1,0.1350586240740712
-1,2.5701453316152323E-7
-1,0.035318081934658414
-1,0.0048487325742612025
-1,0.023260463122077264
-1,0.022693946420254546
-1,0.0033152914201005565
-1,0.02442816748106814
-1,0.018296920397880712
-1,0.007310413527077238
-1,0.0026110800908148734
-1,1.1774261443089382E-8
-1,9.421977177130286E-6
-1,0.07987102693318765
-1,0.035722039179529035
-1,0.05618697475076558
-1,8.066748547927023E-9
-1,0.012670883895692922
-1,0.014044555173885328
-1,0.01185502861977126
-1,0.012263584548105288
-1,0.0033216009836239424
-1,0.06489448479345068
-1,0.25637376294933406
-1,9.666230924537005E-6
-1,1.3088556195155073E-5
-1,0.003143599422764508
-1,7.249474579992917E-6
-1,8.592341638064702E-8
-1,0.03723186833466498
-1,0.0397432672445884
-1,0.018235122717818904
-1,0.008086274385035981
-1,0.003001124416074228
-1,0.004348325777905169
-1,0.002910350945755172
-1,0.03845073457080483
-1,2.1207314772174576E-7
-1,0.007830223370391414
-1,3.932176080389572E-6
-1,0.007645264768096229
-1,0.023667318617761765
-1,0.017151652664218062
-1,0.026385709394490944
-1,0.18983307863225998
-1,0.07611555799129452
-1,0.028790581231423557
-1,0.018946607016643417
-1,0.002717086485722076
-1,0.03957127624891213
-1,0.05987723365227007
-1,0.07286383249456141
-1,0.19425729924680918
-1,5.286807572530789E-7
1,0.9944225307650878
1,0.9910789173819036
1,0.0516314343057827
1,0.9971939025805412
1,0.8041064616244213
1,0.9902851621123325
1,0.9949000939880666
1,0.9927330870128115
1,0.9986840018864398
1,0.9987255416154871
1,0.9985897914894868
1,0.012188930898719792
1,0.9837732732835774
1,0.18830094618226345
1,0.9848808141490951
1,0.5255438872320985
1,0.9885380369128213
1,0.8954056699337847
1,0.999739846858811
1,0.9967534649891197
1,0.9935769134450646
1,0.6971326888553225
1,0.8951473347432873
1,0.9900399731053887
1,0.9858446938590577
1,0.8542123155986778
1,0.701733717845937
1,0.9968598094556428
1,0.9999232860785492
1,0.9998456900152709
1,0.9999624761043545
1,0.9998637888370719
1,0.8990464448406739
1,0.9971965516752807
1,0.9910134534176374
1,0.6143485191606114
1,0.9999858341641276
-1,0.10633580295049247
-1,0.0030668498286381277
-1,0.014085584697922602
-1,0.01257525562248256
-1,1.129186128895036E-5
-1,0.07880298474041275
-1,1.091815989862942E-5
-1,9.557980826968231E-7
-1,0.008876573217951406
-1,0.005004418206409012
-1,0.09108222987628027
-1,0.0782410700817434
-1,7.040643865572208E-6
-1,0.030582822952800615
-1,0.04104380204023638
-1,0.0045745993947266935
-1,0.02290098519437902
-1,0.09274796244925018
-1,8.67768302034899E-6
-1,0.019869038898375685
-1,4.005995538622775E-8
-1,0.40038917102642135
-1,4.501840248326419E-6
-1,5.706627971397176E-6
-1,0.06450891912389888
-1,0.010607936668839439
-1,0.6603239806111006
-1,0.029574066630978797
-1,0.083066104827384
-1,0.0453915999113865
-1,1.2925086576347593E-5
-1,2.839973093169914E-7
-1,0.23186124128341198
-1,0.008914646940567334
-1,0.03743249220301981
-1,2.2230007734913252E-7
-1,1.5158788468191522E-5
-1,0.1047629860909934
-1,0.1703855549346345
-1,0.02785597503581109
-1,0.16072689031532705
-1,5.61049346443613E-6
-1,0.055737356728603756
-1,0.0627143003687681
-1,0.05166022578004271
-1,0.04137982236130328
-1,7.575988323155989E-6
-1,0.007742089434818261
-1,0.3265470332695499
-1,8.448337503625463E-6
-1,0.029122507468337132
-1,0.019806057502501855
-1,0.011005469691237574
-1,0.0616276127054291
-1,1.562458026252252E-5
-1,0.007618511370800901
-1,2.0455761245731096E-7
-1,1.3475216361019354E-5
-1,0.004832970554534173
-1,0.0028673524721159276
-1,2.0115460694849347E-6
-1,0.2967380655115213
-1,0.34162612414776666
-1,1.278674956735608E-6
-1,0.03151204325710376
-1,1.3304391399224176E-5
-1,0.02594504168266021
-1,3.164914030283738E-11
-1,0.22023848486124173
-1,1.1688777549563175E-7
-1,0.046816179278278136
-1,0.02447365569090094
-1,0.002622965509679631
-1,0.035745180905692064
-1,1.1736317420962044E-5
-1,0.17871946198210836
-1,4.910800947676563E-6
-1,0.005536184850496224
-1,0.026839449271962388
-1,0.07893394436791057
-1,1.8485013071944978E-6
-1,0.007020091156846935
-1,1.0707422884701508E-9
-1,1.5848991342366234E-6
-1,0.46903548065219886
-1,6.126643051069401E-11
-1,0.016537412668241637
-1,0.05778568026767735
-1,5.693309731662275E-7
-1,0.29093374495671276
-1,2.8049645446550203E-6
-1,0.07710180256763159
-1,0.027362078875749447
-1,0.009918985775379478
-1,0.24783503339978988
-1,0.005040273191881565
-1,3.2084982498029876E-9
-1,0.8632740974421715
-1,0.07432110647139481
-1,0.043130827166547606
-1,0.019111226084459074
-1,0.13853249016797453
-1,1.0203654053931922E-5
-1,0.07439654564880326
-1,9.051694941273164E-9
-1,6.183048794514958E-6
-1,1.340734815851036E-7
-1,0.00254241588685568
-1,0.007844104565247555
-1,0.6525137975945015
-1,0.03436431171020101
-1,0.004300356959990078
-1,2.6733971094862387E-8
-1,1.6545194839663004E-5
-1,0.14064211597011025
-1,0.039445111051522895
-1,6.019416391602118E-9
-1,0.0036244882454941982
-1,0.23621137631013425
-1,1.0031704156087068E-5
-1,0.06741541296723999
-1,0.050876653678901804
-1,1.1645717413876133E-5
-1,0.15171598000932215
-1,0.04702462960450889
1,0.9999489699967877
1,0.10760853155284451
1,0.9965203780949716
1,0.9913644982259341
1,0.6612742523114394
1,0.9213544547862057
1,0.9901232061122768
1,0.9649781663477013
1,0.17993690590501205
1,0.7801318985256476
1,0.04455186455945803
1,0.9986192642898453
1,0.9946263080015131
1,0.27290456924212253
1,0.9999764306595872
1,0.81985796965407
1,0.9864748929233305
1,0.9769728340215973
1,0.9863575348916308
1,0.7450721814099664
1,0.99305347561125
1,0.9821973333320746
1,0.7963601084851384
1,0.9415603709333591
1,0.9320732547915581
1,0.9509414889020043
1,0.8549867846175209
1,0.9965252403565362
1,0.9998464604401645
1,0.9978006850853186
1,0.9602400940995423
1,0.679447407759639
1,0.9937647952929504
1,0.9994428190638746
1,0.601065709216507
1,0.9953979878727116
1,0.9253613510748951
-1,1.1625127169195282E-5
-1,0.07870673121143562
-1,0.01003935457040226
-1,0.030225382727386594
-1,0.009203786417667715
-1,8.841544768551504E-8
-1,0.009299913331288058
-1,0.0045507066048799515
-1,0.012094939598202773
-1,0.02361522938646459
-1,0.014929769140646192
-1,0.01766784856161967
-1,1.951707310031301E-6
-1,4.098351673823462E-6
-1,0.01388338002768822
-1,0.008616686854483425
-1,1.4497162027173188E-7
-1,2.4491749728790906E-6
-1,0.1221125713696095
-1,0.02597096025094223
-1,1.9859348165092375E-6
-1,0.011513799609661354
-1,0.14074901989719926
-1,0.004329594657633492
-1,0.0029945729564620207
-1,0.007874646620170615
-1,0.004181900278952293
-1,0.01683997607989681
-1,3.737428677457287E-6
-1,0.9985680211048704
-1,3.941364313232059E-6
-1,0.0026166628381011363
-1,0.09664187271704512
-1,1.3603672015128723E-9
-1,0.018253569446775954
-1,0.041812016687221475
-1,0.0029401950694248028
-1,0.007769354800715435
-1,0.01843248350150046
-1,0.014128921200861566
-1,0.019119388301538056
-1,7.903642545370103E-9
-1,0.163878186935044
-1,0.02233807072419952
-1,0.004329594657633492
-1,2.7707985139898213E-6
-1,0.026853251034252585
-1,0.00692962385816408
-1,0.03615170176776328
-1,0.0528181327201946
-1,0.06394330950447324
-1,0.014811239360674888
-1,0.018821542344862816
-1,1.1983115341801704E-5
-1,0.029911683372235334
-1,0.04272088938382822
-1,0.024861622556814452
-1,7.922108065762349E-10
-1,0.004387371174341021
-1,0.018759842076401037
-1,0.08453841740155328
-1,0.004605109603758501
-1,9.028220898567671E-6
-1,0.04672854624517904
-1,5.090333414049935E-6
-1,0.00630739049951454
-1,1.0479241806398593E-6
-1,1.579720885972242E-5
-1,0.012476414170153806
-1,0.004918093156701612
-1,0.25345973600966093
-1,0.0057755174674954364
-1,0.012778708529227035
-1,0.13597531360134363
-1,0.029315668218579474
-1,0.03130882154490314
-1,3.59094187933366E-6
-1,0.11839924335543021
-1,0.0027435833289762906
-1,0.010118495868488777
-1,0.005194963299395918
-1,2.4288244474672935E-6
-1,0.08047199510367921
-1,0.00608171165269447
-1,0.014033027911263176
-1,0.10980261696674874
-1,0.0031150734886280108
-1,1.5242605721817272E-7
-1,0.009697391415428483
-1,0.16839006997169803
-1,0.043574300076989356
-1,0.003167112500040016
-1,0.07170729837345059
-1,0.014484573624365388
-1,0.04071078298041227
-1,0.01524775882578969
-1,0.0428491856861593
-1,0.20150019715274334
-1,3.7229211473843134E-6
-1,4.814827515579578E-9
-1,5.344715039256348E-6
-1,0.0259154035839829
-1,0.03636944404231012
-1,0.8383233114343203
-1,1.3142302536138967E-6
-1,4.408508550807539E-6
-1,6.995449733523921E-6
-1,0.007039411511553494
-1,0.015674840936160738
-1,0.013883904556598561
-1,3.0795743902422524E-7
-1,0.030192598443547387
-1,0.14558792728899803
-1,4.911444152371122E-7
-1,0.05703402182145007
-1,0.3638606990690193
-1,0.07776741643746499
-1,0.013085289974316286
-1,0.25794178043342236
-1,0.0033731914538127922
-1,0.007471985785411526
-1,4.1650267502101305E-7
-1,0.023858960420915547
-1,0.011726507843789412
-1,0.0032632741003703475
1,0.9970965740284413
1,0.9973865613147415
1,0.8822052042810972
1,0.8939735110626306
1,0.659327721810215
1,0.7924910997660073
1,0.9998490271720993
1,0.9647770321871417
1,0.9997215208844367
1,0.949295017998084
1,0.7272471329594605
1,0.0252885692264631
1,0.6119962993564643
1,0.9491060452992697
1,0.9988572293191874
1,0.9999329130408777
1,0.9988913511236837
1,0.1818785342422843
1,0.9779358648039896
1,0.9442005426978621
1,0.8968643138910064
1,0.9977739257162506
1,0.46725215383386176
1,0.9988973369224123
1,0.7526682757231141
1,0.9999947777936132
1,0.9916887931547965
1,0.9995812502296714
1,0.9978178500758031
1,0.46567664460746744
1,0.9814075404296808
1,0.9968076352425311
1,0.9940934740846665
1,0.017030992488685965
1,0.9740374340567804
1,0.8966903193952149
1,0.6865174636786652
-1,0.029778250041102527
-1,0.1462950529525742
-1,0.003116775873546439
-1,0.010800202464145498
-1,1.1471203040549989E-5
-1,0.022689455075893452
-1,0.024289407432343008
-1,0.0026678488261998243
-1,0.03709202822341542
-1,0.06835176591755511
-1,0.003084019167487939
-1,0.040162648573390136
-1,0.060059804832132094
-1,1.3680121923050258E-5
-1,0.0749269233262521
-1,0.02806401070216652
-1,0.11753046757845752
-1,0.0026370605493595337
-1,6.5936470795625265E-6
-1,0.004219595234584811
-1,0.007014467482896128
-1,1.5626510044559104E-5
-1,0.015504604941980187
-1,0.0035106018475739146
-1,1.3298946083723659E-5
-1,8.065270067428942E-6
-1,8.075410717486717E-6
-1,0.002935284868199661
-1,0.10379321028031764
-1,0.004089164801974104
-1,5.811992866319784E-8
-1,0.0027900462394921245
-1,0.038916643799577655
-1,0.030991597919089585
-1,9.894874513421258E-6
-1,6.403935930454842E-9
-1,0.01894611564263979
-1,8.573737407043875E-6
-1,0.11028047155168007
-1,0.09133698762377879
-1,0.0038041632031509775
-1,5.237863802866252E-7
-1,0.028023334003384248
-1,0.3034262554072407
-1,0.033883827628867255
-1,7.640537105796984E-6
-1,2.4744150861046847E-6
-1,0.20955881812278326
-1,0.01183547458132814
-1,0.006764230204936534
-1,0.09914358645670021
-1,0.055794523708292826
-1,0.009939375983991939
-1,0.011534297102563101
-1,0.011809886683243684
-1,0.00392771294656161
-1,2.840767927233602E-7
-1,0.062185825319249696
-1,1.6163519130518873E-7
-1,0.059678219458062884
-1,0.002747880718321258
-1,0.1407996184617263
-1,0.00932991520765819
-1,0.004214107217234713
-1,0.01276835475736446
-1,0.015439263883467442
-1,0.005755887260894194
-1,0.007130680296737476
-1,0.005924630662718256
-1,0.02991785057164531
-1,4.7273945779215295E-9
-1,0.007999433759379325
-1,0.05743559059416449
-1,0.01719750496621335
-1,0.03161980656593902
-1,0.22505171708360555
-1,0.0028261086379658003
-1,0.24941978412916568
-1,0.0027682125289183925
-1,4.9649122077267505E-6
-1,8.790043429238487E-8
-1,0.003717153134367963
-1,4.05105803902263E-7
-1,0.06559941901530193
-1,0.0034989819794678995
-1,0.15166642662270385
-1,3.2349450208186185E-8
-1,0.005232585125060454
-1,1.4279290066397617E-5
-1,0.004751920529508493
-1,0.02378736537203564
-1,0.014590650865451022
-1,3.2372383563342666E-6
-1,2.7353424240040993E-6
-1,0.06655202610260195
-1,7.264248511125076E-9
-1,0.011734926889766916
-1,0.01382742764773421
-1,0.09628104198662553
-1,0.09632235800326167
-1,1.4138673534826806E-7
-1,0.24953654076931134
-1,8.313256876815402E-6
-1,1.3944466115047598E-5
-1,0.0048347294102437785
-1,1.5926787877204684E-8
-1,0.010194994568942248
-1,2.6844412189362813E-6
-1,0.0780093500610272
-1,0.02366884912662152
-1,0.02896299363181493
-1,0.10416679968786463
-1,0.1901674267725316
-1,0.013248090338522343
-1,8.467609587476636E-6
-1,3.8617368359563685E-6
-1,0.008260133756135097
-1,0.20359663836611316
-1,0.016579644365540016
-1,1.1964727275485484E-7
-1,0.17202587112534745
-1,0.11657355787600938
-1,0.005737436275547862
-1,5.400853970389239E-7
-1,0.02805174832924963