label,prob
1,0.15017403323063086
1,0.969693861092365
1,0.6119026530315218
1,0.14117498161738637
1,0.8322859168238107
1,0.47084189358416845
-1,0.01731175049750195
-1,2.818988733591751E-7
-1,0.019247481412560025
-1,0.02592720502466325
-1,0.02169679376310799
-1,0.023825133977421222
-1,0.008181724772087423
-1,0.04485262001233834
-1,0.0074084410219656255
-1,0.021451275365789182
-1,0.28927514588038605
-1,0.014621867129779122
-1,0.0029418308326918273
-1,0.09269030605139399
-1,0.0029123519467199373
-1,0.03998134979415567
-1,1.860913242363106E-8
-1,0.00535047261921862
-1,0.024671913187657827
-1,0.005007265438130132
-1,0.004967059406580231
-1,0.03186606321336243
-1,0.007896590915283113
1,0.999910800260427
1,0.36182909834434746
1,0.9574961029345511
1,0.004113214387935297
1,0.9997997787729526
1,0.694853039342694
-1,0.028246564400247177
-1,0.3835612259120228
-1,0.0033570017386352585
-1,0.013462698400683168
-1,0.012188963916852915
-1,0.003630156254619007
-1,1.0637995789809007E-7
-1,0.037741188933323004
-1,0.2464217042027743
-1,0.031100065963332438
-1,0.03055384896596937
-1,7.326838940477634E-6
-1,0.014490766019450929
-1,0.020957006782912072
-1,0.01298521916363827
-1,0.03102106616766798
-1,0.024122357372023933
-1,0.004134923203567264
-1,0.027330220972423738
-1,0.03604854331059581
-1,0.030995188528694075
-1,0.0072256364786368685
-1,0.0052909469147270054
1,0.8617113038085709
1,0.053293164955329896
1,0.9992966033453329
1,0.14879122036705872
1,0.12587224907237216
1,0.2872416872086124
-1,0.10202499686553596
-1,0.031811927687379254
-1,0.10202499686553596
-1,0.00957216201313584
-1,5.465077674591288E-7
-1,0.07419992345911933
-1,0.031848693014087874
-1,0.03181416391544633
-1,0.006118084653406573
-1,0.07539448466232576
-1,3.4132068530839575E-6
-1,0.013486386578546264
-1,0.03179309181555477
-1,0.05877644799872025
-1,0.05389852171395324
-1,0.053288099475497716
-1,0.0042696590755400155
-1,0.0072536835252350945
-1,0.006885385154855447
-1,0.0965935248227111
-1,0.13086460737362898
-1,0.12618902607477844
-1,0.010257425539919967
1,0.2500100437429476
1,0.025114501883515737
1,0.9999986801532873
1,0.9632833361276428
1,0.01800681401115616
1,0.9995389815503422
-1,0.006862745205773577
-1,2.4178803984400515E-7
-1,0.01840139019889143
-1,0.002670176128658997
-1,9.602832872883969E-6
-1,0.01704868505422854
-1,0.07454085370940279
-1,0.00460293634493208
-1,0.0059775031058265145
-1,1.4974178146667315E-5
-1,0.012746447912584285
-1,1.5611766483486504E-6
-1,0.04504887314121499
-1,0.022987700627313836
-1,0.004103083266513596
-1,0.01010765178526678
-1,1.511526394034519E-5
-1,0.04034182196444388
-1,0.04984086452423173
-1,0.002985377441778453
-1,0.02573837292113694
-1,0.003936871967317069
-1,0.044930202659955974
1,0.9997646183198022
1,0.15891245321573702
1,0.9108921063174249
1,0.27809461371800837
1,0.6470158623798897
1,0.4540432540575174
-1,0.011885221561617578
-1,7.077728597685954E-6
-1,0.039870274155197956
-1,1.880077281059614E-8
-1,0.047908412878135534
-1,0.006241674555922789
-1,1.8970058885312153E-5
-1,0.14393859109741428
-1,0.02733574032046804
-1,1.6741616054313866E-6
-1,0.04456756631925053
-1,0.3324548077624404
-1,0.23449937123170358
-1,1.6645594946294648E-6
-1,0.014818337775558943
-1,3.211391696443461E-7
-1,0.03492544586849171
-1,0.06239285998404192
-1,1.8781981118115626E-5
-1,0.007662532299950264
-1,0.1930721648275708
-1,0.005485889359737219
-1,0.022697012769744396
1,0.9230358721413496
1,0.9575701740774596
1,0.9813588429597628
1,0.9737243362926753
1,0.9896950351017555
1,0.2962685249143557
-1,0.048601126043980494
-1,1.5499851400404647E-5
-1,0.02475604430794089
-1,5.187637638506441E-6
-1,0.038352045138957166
-1,0.07700732244134317
-1,0.004236863508266394
-1,0.005691590391877284
-1,0.05152746551453686
-1,0.07422287240839567
-1,0.0365523359504835
-1,0.010212799930087375
-1,4.794242358372815E-9
-1,0.0449385169427523
-1,0.0036129899319288787
-1,0.011846170098226328
-1,0.05381519889092598
-1,0.07011880646795556
-1,3.901313679198844E-6
-1,0.0059620915584233
-1,1.5641355884898859E-7
-1,0.01629342303769533
-1,0.03279499557040487
1,0.9999892426727085
1,0.9999798960128736
1,0.10507835199559133
1,0.9473325114674046
1,0.9706517280293263
1,0.48753130875174927
-1,0.12548745901584352
-1,0.02996629320110612
-1,0.019290059049612795
-1,1.171736683520495E-6
-1,0.19313060486912156
-1,0.012833848305461382
-1,0.022151325941673673
-1,0.0031369566463996836
-1,0.06832999635858589
-1,0.06394243740911186
-1,1.2565069799879222E-5
-1,0.019306895686239573
-1,0.004066854113799202
-1,0.013001992596978752
-1,0.012524228614891317
-1,0.009498605861045915
-1,0.11652808350619535
-1,0.0032669722807052493
-1,0.4273329908476678
-1,0.11487247592146708
-1,0.03494480824749107
-1,7.631400414769741E-9
-1,0.06680181563287219
1,0.8634776049354446
1,0.9999054708161971
1,0.9843263004638005
1,0.9325878538726531
1,0.489275823306665
1,0.1288947796383791
-1,0.015357198364075177
-1,8.583146196914904E-8
-1,0.019712507564134348
-1,0.07739902481465885
-1,0.0032704457129607884
-1,0.027588549683489758
-1,0.04501967970367402
-1,0.017911573524821502
-1,0.01807120685663035
-1,0.0029636988711426123
-1,0.01002468561335576
-1,0.24025830085648936
-1,0.023443723298925315
-1,0.019772363719092873
-1,3.643111895762871E-7
-1,7.962346495085903E-6
-1,0.0033671565138264606
-1,0.025553956885425947
-1,0.20239283814504913
-1,0.013149147610896946
-1,0.3304306757478523
-1,1.7950794991238426E-6
-1,0.07886999170577715
1,0.9999631532978002
1,0.999132587949989
1,0.929034270878484
1,0.9999944244458044
1,0.9998805381181783
1,0.021487625271556225
-1,0.0823073422125969
-1,0.043956098497153075
-1,0.13529559294538743
-1,0.12126332957982872
-1,2.629240905970143E-6
-1,0.07864832976359085
-1,0.07931802479315428
-1,0.052752666947222845
-1,0.020783466331153678
-1,0.004978920891678425
-1,0.04342000030514873
-1,0.004728214766692114
-1,0.024176776154028124
-1,0.052873835392375536
-1,2.3429739950344803E-8
-1,0.23299570565047295
-1,3.621812039601928E-8
-1,1.669834302831825E-7
-1,0.01316783558530012
-1,0.019283973013569586
-1,0.044527477943487236
-1,0.005609920783507456
-1,0.14916437910341715
1,0.33229159107294637
1,0.9987287158971545
1,0.9437973011882299
1,0.998056165187522
1,0.9999964875964251
1,0.9999855903811101
-1,0.01773745635645344
-1,0.08767087130490996
-1,0.005028259987953937
-1,3.344982295066375E-8
-1,0.003405491271200988
-1,0.003859193306078721
-1,0.003970794304109027
-1,0.007610076293106058
-1,0.057258792845125174
-1,0.010273992544727262
-1,4.150731065780482E-6
-1,0.016700533157439103
-1,8.205340442850927E-7
-1,0.031182873380884036
-1,0.012895841191864104
-1,0.028550066558765883
-1,0.003615514247985133
-1,5.167850770837756E-6
-1,0.08767087130490996
-1,3.329063398461734E-7
-1,5.3190618190035124E-8
-1,2.7301217805113925E-6
-1,0.35845449239488997