label,prob
1,0.9955204603103208
1,0.7158999035173996
1,0.9979081111542886
1,0.09354258927776493
1,0.9901957364489721
1,0.5473129590810951
1,0.6960710559680587
1,0.3511274689463883
1,0.6855547697895352
1,0.9911593469901799
1,0.9877936016697219
1,0.8433547708919565
1,0.909466492142649
1,0.5942506052917403
1,0.8817931894777999
1,0.9129266162926287
1,0.8369678398754724
1,0.9424341837683026
1,0.9906633946268948
1,0.8131360145866801
1,0.9487526506483528
1,0.9913161126223772
1,0.8393282791308286
1,0.11645749817479659
1,0.9545239485349504
1,0.9797984791931377
1,0.9661759051390288
1,0.49208446539856104
1,0.9674662216564311
1,0.9924799515041294
1,0.45401544551117057
1,0.9764578196901615
1,0.8496561250347571
1,0.8264570807126367
1,0.9637887477329469
1,0.8474468564606875
1,0.9949759724939989
1,0.9851031997113239
1,0.9871504651714629
1,0.049249980593862784
-1,0.004929875718948338
-1,0.9723540897087043
-1,0.0807474005522884
-1,0.2891485457919372
-1,0.007713798866403384
-1,0.12459173642720107
-1,0.8043344047626642
-1,0.020365027976576952
-1,0.045490348579399605
-1,0.07297366653069357
-1,0.04110288077020213
-1,0.19507487621871392
-1,0.5369509052688829
-1,0.443889691367307
-1,0.12188021202608015
-1,1.3927892373679664E-6
-1,0.008327090755178596
-1,0.005988351812137831
-1,0.3161930595747271
-1,0.6854080428378315
-1,0.003139925475591821
-1,0.1949584166371898
-1,0.33049774677076627
-1,0.8744217294102137
-1,0.9740630259651243
-1,0.038618882261463275
-1,0.974666752079452
-1,0.43195779343720786
-1,0.2747106099195176
-1,0.07787299922329824
-1,0.004178617685071621
-1,0.3542665947677093
-1,0.012062595252595334
-1,0.3545759692531932
1,0.9817725786401331
1,0.9929217795478539
1,0.9171404213465105
1,0.8695283372776701
1,0.9993166812607519
1,0.8520629150891335
1,0.9008612750160002
1,0.8065551646364844
1,0.19665136682815784
1,0.8821720401848986
1,0.8477597679760526
1,0.9414107092255198
1,0.853070752393865
1,0.2792223700125653
1,0.9873740345802436
1,0.9559009931793011
1,0.7265139436722274
1,0.9776654952916989
1,0.9470974465285475
1,0.9394580312922672
1,0.9500963278316689
1,0.9381375928357357
1,0.9989674401642097
1,0.936463622606003
1,0.9988872718973427
1,0.9647028496013985
1,0.9980813558014712
1,0.9764249991961255
1,0.9993509262412943
1,0.9939542507213726
1,0.8126139284352032
1,0.3024675219068026
1,0.9421658355372405
1,0.6470246490879631
1,0.7803538573357324
1,0.9162642798285211
1,0.999940432169408
1,0.9856623746943622
1,0.9951368391278725
1,0.9737813872081119
-1,0.017943416301064354
-1,0.20698593103424745
-1,0.0346249203922932
-1,0.21897711817730625
-1,0.43008726710326145
-1,0.05057108247165419
-1,0.2053832469836476
-1,0.004080666765221691
-1,0.17973175566675034
-1,0.20490251831330863
-1,0.7798369614522866
-1,0.1988994565857582
-1,0.1554032576006186
-1,0.01369098928645772
-1,0.08109197392610146
-1,0.021076773962634115
-1,0.05098093263922837
-1,0.1125404255925732
-1,0.01201694236120459
-1,0.11559049217386085
-1,0.31283249317179884
-1,0.1681745379111537
-1,0.02323443882877021
-1,0.3506035560573098
-1,0.41011917948516535
-1,0.12191629021255768
-1,0.5743507822751152
-1,0.008694885712906032
-1,0.21653767474277047
-1,0.08897007026731325
-1,0.0597539477648573
-1,0.33489502323442644
-1,0.656181952036816
-1,0.35415792449987504
1,0.9813405530190282
1,0.8097865240641555
1,0.9001818722718394
1,0.10950218228635214
1,0.5661771016769691
1,0.41871243076198134
1,0.9986235162998104
1,0.9591534482076257
1,0.8098428835330922
1,0.7592917158828735
1,0.760654192962531
1,0.998199217449006
1,0.9992078329634702
1,0.9661992502037476
1,0.952145696342372
1,0.9958830437481581
1,0.9944710905600579
1,0.9918157150010588
1,0.6567397265236883
1,0.7700768761874958
1,0.9354206007555389
1,0.9828984450755773
1,0.990668474016435
1,0.9996542688579559
1,0.8992088312407873
1,0.9381958384643653
1,0.7656996278004679
1,0.9452694894656071
1,0.8028431100634025
1,0.4057168491646386
1,0.7676928763937472
1,0.9823392637377895
1,0.9947894722461105
1,0.9945302967789498
1,0.9685326189603323
1,0.9991019628024654
1,0.9928877302441016
1,0.4696850866151974
1,0.9523629496657334
1,0.9228770705262745
-1,0.03395585351532504
-1,0.011595487622237345
-1,4.221922859224161E-7
-1,0.37352562545034457
-1,0.015316516186071874
-1,0.9495322113049018
-1,0.0060175417809223445
-1,0.10921426550453818
-1,0.2574745128314948
-1,0.0903585676301829
-1,0.11138291522513503
-1,0.09652426539216531
-1,0.029229214607981484
-1,0.12462597866064881
-1,0.11100675365673822
-1,0.02596044960862758
-1,0.018804056205784705
-1,0.1481377917318295
-1,1.1983057486232517E-5
-1,0.0844715392362165
-1,0.6623766751935722
-1,0.3925536815235666
-1,0.03116041818945324
-1,0.03630278786541252
-1,6.497050535726894E-6
-1,0.07043980067478182
-1,0.9440752337179918
-1,0.49068726252232586
-1,0.4171228260606381
-1,0.30569828975099833
-1,0.022005505525954445
-1,1.070174072259502E-5
-1,0.012087364857390644
-1,1.034192205390428E-5
1,0.8856022974174097
1,0.8870713242042255
1,0.984605071246912
1,0.49221002890563803
1,0.8379602577603058
1,0.03587310215632816
1,0.9830026156440068
1,0.8599086750696718
1,0.9810395205548484
1,0.9646092885939478
1,0.941707469534868
1,0.9695969708599622
1,0.9898719716367634
1,0.9842757999164428
1,0.6573293967018972
1,0.2726886120054782
1,0.9889176295288603
1,0.9946199925581932
1,0.8109457271041606
1,0.5306945039578024
1,0.04413545759053873
1,0.6797387452742034
1,0.9962042725438786
1,0.7289469731144174
1,0.998186344653615
1,0.6908618457753973
1,0.8584081942966777
1,0.9877690099104554
1,0.9389528863224988
1,0.7924348514403068
1,0.9498798624873126
1,0.9442551372329022
1,0.8998273030008727
1,0.6964747226371153
1,0.940589746481589
1,0.7362989822298535
1,0.9986021688244922
1,0.9759546843001986
1,0.8773881750235423
1,0.997945511399077
-1,0.6148797888536826
-1,0.011173633921148285
-1,0.3229528798174033
-1,0.0043040517887754
-1,0.09076968347444785
-1,0.021398026502063197
-1,0.1425384997803574
-1,0.41232944237682007
-1,0.12004616830277452
-1,0.9684579169711084
-1,0.0548175886271473
-1,0.0932884036690068
-1,0.07549339535212411
-1,0.1809326915511187
-1,0.07854481946294492
-1,0.0382674389017084
-1,0.16418086956865668
-1,0.13527393310454358
-1,0.040460599853412195
-1,0.06307540415086797
-1,0.07004331860394726
-1,0.29165728549794856
-1,0.2066928687767727
-1,0.09143385854126787
-1,0.08176163420549983
-1,0.27097751901512007
-1,0.4174476316342398
-1,0.14506162570917402
-1,0.0027138840315640337
-1,0.07820447413675002
-1,0.0065174314486229025
-1,0.5393791073314688
-1,0.8632754740953059
-1,0.009181782028372425
1,0.9970200847443861
1,0.9992799218054087
1,0.9862626077900194
1,0.7198980044915528
1,0.9762271915503542
1,0.9965765338168607
1,0.9894006947477683
1,0.20119971013422638
1,0.015404531670455496
1,0.9434539299480028
1,0.8572958889342099
1,0.891306177322291
1,0.9650831100105124
1,0.8004626039533302
1,0.9993209442118889
1,0.9990177593325722
1,0.2956919926528629
1,0.82927591472204
1,0.5256673168502086
1,0.8419012109630463
1,0.5609747859150419
1,0.14440181938842012
1,0.9960011694535672
1,0.9967795932703225
1,0.9631687547938558
1,0.9044832904350661
1,0.9991711442098381
1,0.9914634455200029
1,0.9354272552704318
1,0.8795596326268756
1,0.8862990751704307
1,0.9723507059193257
1,0.9744075784658154
1,0.9992455408220902
1,0.5975154661115544
1,0.9574826972557967
1,0.20456510678868958
1,0.9958796902208384
1,0.9963647918863054
1,0.9949853434495947
-1,0.8118205402948669
-1,1.5958194525812046E-5
-1,0.4825383348445295
-1,0.009105757955111028
-1,0.734678125857466
-1,0.027438783128469018
-1,0.020490939267215277
-1,2.6353072477354005E-6
-1,3.701024504994761E-7
-1,0.010458357368557823
-1,0.06024044019934971
-1,0.01182875234339426
-1,0.9229790532244243
-1,0.30610347515256403
-1,1.0858029059942939E-5
-1,0.0025755443437333997
-1,0.06470891878538779
-1,0.05426275795994444
-1,3.874594510375897E-6
-1,0.026948899858889163
-1,0.7750065151949845
-1,0.3175777700366883
-1,0.05943465542172428
-1,0.06494402307097137
-1,0.0038456218881014496
-1,0.17862745042702421
-1,0.615818941684054
-1,0.05513035405851036
-1,0.16069985461957398
-1,0.02033178477596012
-1,0.5132542015862549
-1,0.07950961447239616
-1,5.6954824151467275E-6
-1,0.08298288821861896
1,0.9935743961584923
1,0.7444307867493445
1,0.9986140475852846
1,0.8940126013733756
1,0.9997331624872211
1,0.772063175494701
1,0.9881301108914303
1,0.8090395763320947
1,0.8631344366699281
1,0.6508205940940445
1,0.9955175766329628
1,0.9979736192844338
1,0.16918431359130198
1,0.9377034987337443
1,0.999787352168099
1,0.9165120382628108
1,0.9235127943865444
1,0.9513381847772392
1,0.9988302570099412
1,0.9988102405256106
1,0.8817988201312629
1,0.9920685933584863
1,0.9826646677556606
1,0.9972980971688972
1,0.9988147490531498
1,0.9721651559528726
1,0.9997712297929456
1,0.9153230044730609
1,0.8413882678685893
1,0.886435148756651
1,0.9998673473398967
1,0.8967623931447334
1,0.8598924010102462
1,0.9254963985818141
1,0.26348720588299424
1,0.8628580410326665
1,0.8819082791410082
1,0.9912802495050931
1,0.9582582885367255
1,0.9397974173231117
-1,0.3398632165544347
-1,0.1618902140091722
-1,0.21735766378035062
-1,0.11416931637923768
-1,0.23299490242061477
-1,0.06273256754950146
-1,5.2293154013678845E-6
-1,0.09256283842829315
-1,0.020467230493755064
-1,0.276968494885835
-1,0.12659607853353763
-1,0.15781242524144787
-1,0.8598924010102462
-1,0.0058113215914438925
-1,0.17369409953281623
-1,0.3993616212189269
-1,0.19190522283931127
-1,0.07949345342509835
-1,0.034775795198022
-1,0.11520944749896232
-1,0.8123097073185832
-1,0.2841754219577075
-1,0.13350128456842467
-1,0.03772789569807094
-1,0.1517070757435889
-1,0.06469322193050502
-1,0.01370165475821527
-1,0.16061214451152456
-1,0.23573597573091515
-1,0.24234006194435598
-1,0.17402177687063075
-1,0.009300811881291428
-1,0.18509901708111448
-1,0.21780081892023978
1,0.9893894155308007
1,0.916775418168068
1,0.8556740337279698
1,0.938682955545613
1,0.9460249501768274
1,0.9977255345390028
1,0.9769431784135327
1,0.9725522311651402
1,0.5467587319946532
1,0.9528781220870234
1,0.3094373950854872
1,0.9384101227284838
1,0.9236387234250947
1,0.22096149780679913
1,0.1232317834976039
1,0.9994089906899377
1,0.9062524807073262
1,0.7077132415006617
1,0.9860277162529709
1,0.2940493441288609
1,0.9865455061852021
1,0.19902361451926365
1,0.9648728974825328
1,0.9721791359003288
1,0.9005420750497176
1,0.1651214675013002
1,0.9961266979125631
1,0.9878396702910526
1,0.7561612458529109
1,0.8776967624557622
1,0.9346998093623424
1,0.9946992142951268
1,0.897891891613482
1,0.9983125880505475
1,0.9983329389272144
1,0.027970118869791467
1,0.6505107435787479
1,0.971030900375735
1,0.8565691834908621
1,0.8310460143335364
-1,0.09075827243747561
-1,0.6622269845050398
-1,0.8592289212740556
-1,0.051382249961679956
-1,0.30939864447447135
-1,0.2437388203365632
-1,0.9444724878822568
-1,0.16963077781043231
-1,0.044178467324293744
-1,0.6086885738468909
-1,0.00264290930109443
-1,0.03066952115374822
-1,0.1320900126714211
-1,0.32327164024204846
-1,0.07221867396888343
-1,0.0037885637761355443
-1,0.008892852608465963
-1,0.009283311081185469
-1,0.11200317822512518
-1,5.742569054312343E-7
-1,0.007283204558607544
-1,0.7587685073264397
-1,0.04895310097548877
-1,0.05296617349992974
-1,0.5493819315982031
-1,0.01325320660493199
-1,0.1690122824231414
-1,0.16602534638679245
-1,0.012638537025651373
-1,0.18696713097443482
-1,0.8955057616242782
-1,0.8817780392167963
-1,0.7196193131638077
-1,0.10653456723127391
1,0.9997749759033803
1,0.9971098324988965
1,0.8807663710427981
1,0.9188453899662236
1,0.05448587499401414
1,0.8655756809690012
1,0.9783240858792482
1,0.927739371027791
1,0.9989044995023251
1,0.9971503597210345
1,0.5314236412612922
1,0.5893145573394672
1,0.9328346688542066
1,0.9988710709263725
1,0.032482961087150035
1,0.9432344554002023
1,0.9802372621892826
1,0.9353472076010874
1,0.6463830216843884
1,0.8843684562686835
1,0.970719357336002
1,0.6374479495879134
1,0.9970595808048869
1,0.8030695365364882
1,0.9991716363362401
1,0.7227924927532934
1,0.9779482605616006
1,0.9971106934633334
1,0.2976436055343107
1,0.9346535243890647
1,0.9662288779538938
1,0.9479913047580433
1,0.9348967447935952
1,0.9952621269179055
1,0.20886644928370687
1,0.8671049655768587
1,0.6686755486699931
1,0.9694798129562792
1,0.617311339286701
1,0.990204995320648
-1,0.0994679109879054
-1,0.8302100772296099
-1,0.014294767777755592
-1,0.0529956946395791
-1,0.20997394910743208
-1,0.05545898376321603
-1,0.14675795223065075
-1,0.2491039250369634
-1,0.030869037397752097
-1,0.07438909210571185
-1,0.0037254883335693396
-1,0.08017179738232807
-1,0.7223194380252376
-1,0.1298539988369574
-1,0.17369288913154965
-1,0.052373823950214844
-1,0.23208045095262173
-1,0.2947759416170097
-1,0.27890455131111425
-1,0.24470677961873133
-1,0.1402515429185616
-1,1.8926350679116664E-6
-1,0.24623817321334435
-1,0.013752881916508912
-1,0.07301294357374626
-1,0.3134520226262882
-1,0.8560259293039165
-1,0.07576861524850681
-1,0.3184758737183688
-1,0.21735392952684987
-1,0.29386151957378237
-1,0.005999350327289
-1,0.10818257801484393
-1,0.5125631440998982
1,0.987622549838076
1,0.9906862784103193
1,0.8290918582165889
1,0.9713036417954964
1,0.8637731504494609
1,0.1321457043908886
1,0.9999777668010494
1,0.9623065864678169
1,0.9651767613687928
1,0.9913827341632895
1,0.9913231836253706
1,0.9691413538072822
1,0.9573901715765784
1,0.9600278727853873
1,0.9849443339190851
1,0.9965664047193495
1,0.8595925127976257
1,0.9953240044422035
1,0.9382206297111494
1,0.9669101358415042
1,0.9355583991361074
1,0.9226012601478225
1,0.8095595988250345
1,0.9285608517973009
1,0.42321133450060205
1,0.9798288042810661
1,0.8200661747193781
1,0.9985481262359087
1,0.9669700231850475
1,0.9998704381126367
1,0.9702302969397996
1,0.958327672066856
1,0.9237187098062871
1,0.9766229581618411
1,0.9982734055831417
1,0.37175624882309
1,0.9797973893759498
1,0.8377454220594118
1,0.9815941056919696
1,0.998799795428568
-1,0.1201046677358086
-1,0.010189578119169452
-1,0.42357250551865155
-1,0.10153212344004035
-1,0.028890505005384794
-1,0.42797963189302135
-1,0.09211239965791573
-1,0.47227459869996713
-1,0.6365140934448421
-1,0.741724364262533
-1,0.5804834799779458
-1,0.14879842268237375
-1,0.021051304365101504
-1,0.1957431652660781
-1,0.2782912857189042
-1,0.4099817373384746
-1,0.0029421331739967454
-1,0.04541563451825725
-1,0.1145806518685565
-1,0.8230696496746531
-1,0.2271831933126384
-1,0.23988986930557613
-1,0.659182709132514
-1,0.046855326423324704
-1,0.015996895643959372
-1,0.03011209424846118
-1,0.17264748403871485
-1,3.8821807665016244E-10
-1,0.01602574139350827
-1,0.01835119979071049
-1,0.8960831117034483
-1,0.04241225556621175
-1,0.1619995218613597
-1,0.11540221426152916
1,0.35390671563354154
1,0.9882503333093976
1,0.9206342879071295
1,0.7985524830473212
1,0.7180740173471916
1,0.9335206103964875
1,0.9762828408102027
1,0.5455720726051125
1,0.9991174884028206
1,0.8992096403102052
1,0.9654879084571527
1,0.9776043853491857
1,0.8856684004614253
1,0.9951879531444059
1,0.34619466201064086
1,0.8353055527572143
1,0.4175430028143737
1,0.9667654001090615
1,0.8573332871120604
1,0.9374792196681228
1,0.9797893561869919
1,0.9712885527236191
1,0.867495295669404
1,0.6899863227289449
1,0.8959591382556484
1,0.6962022156273119
1,0.9997449037077957
1,0.9294169638277441
1,0.7528908454168797
1,0.767938091152913
1,0.9960536691925419
1,0.8937768394566927
1,0.8626908287883807
1,0.9976999386369745
1,0.9652001066933099
1,0.9969295208914812
1,0.9497090430299032
1,0.9930082770464358
1,0.9989460400858206
1,0.7178225951159092
-1,0.3925430380039315
-1,0.005486692601214533
-1,0.11949687068020255
-1,0.16708926764249452
-1,0.008762403016527264
-1,0.009187920785194459
-1,0.0038071499736427087
-1,0.33776396203488246
-1,0.5410933680872704
-1,0.07850886617343285
-1,0.00463690184421849
-1,0.7399382117247432
-1,0.29984999321968614
-1,0.06651646844520094
-1,0.4339245495716918
-1,0.16896062293354588
-1,0.8713364769102805
-1,0.19710989741545978
-1,0.027335538302198197
-1,0.006387191401759469
-1,0.2867454088789922
-1,0.21837530156890458
-1,0.30296419581612083
-1,5.07880290524862E-6
-1,0.08968089050340665
-1,0.015416218655374354
-1,0.10555448441670147
-1,0.02121291591630446
-1,0.44586690022434905
-1,0.04421273667476395
-1,0.265547873690771
-1,9.25032845949687E-8
-1,0.2063204171835039
-1,0.1828046426564137