label,prob
1,0.5182618307085385
1,0.7827055376667621
1,0.5945736864047416
1,0.7496526267052872
1,0.9283641925084698
1,0.8900951822962537
1,0.8232353352290667
1,0.9712583638213546
1,0.5439253474451277
1,0.06334817659987094
1,0.7199630735448829
1,0.8054245368244699
1,0.1570222857751255
1,0.6902111312568333
-1,0.017838581362237416
-1,0.005353279014207565
-1,0.062284800194662544
-1,3.0861335309751173E-6
-1,0.009929824500515718
-1,0.0364638943677364
-1,0.12404618867952508
-1,0.2648360212788623
-1,7.343618610099059E-7
-1,0.07560777677662668
-1,0.7467959940961378
-1,0.011219611096030377
-1,0.01740044571090533
-1,0.0036346142327129886
-1,0.7953014560138305
-1,0.0028550178765063107
-1,1.6316836840393537E-6
-1,0.04096695794059313
-1,0.013547581183026106
-1,0.16260706553190477
-1,0.059383403181818104
-1,0.906721041170242
-1,0.0426685134567892
-1,0.0029950064315081228
-1,0.0829101711329997
-1,0.006850630795303184
-1,0.09818735837717547
-1,0.02551171570970822
-1,0.567860648891377
-1,0.0027443845162949585
-1,0.004164812608607961
-1,0.1801334026024495
-1,0.014105083962834945
-1,0.011038034203113676
-1,0.00827452696774104
-1,0.008398956250713041
-1,0.6231715443005732
-1,0.11160074372980253
-1,0.05776209503103026
-1,0.011922103507273003
-1,0.7648713674576306
-1,0.013636731664879236
-1,0.02525016074571223
-1,0.09404716240971084
-1,0.15539503488185832
-1,0.27169996221511694
-1,0.3015460989544971
-1,0.00812575416475842
-1,0.004524852304539038
-1,0.003979177920047219
-1,1.4546983817428386E-6
-1,0.01763235592370267
-1,0.1474623260339466
-1,0.01115314122586052
-1,0.01286724309575941
-1,7.352639778348542E-7
-1,0.003526900698778489
-1,0.0061692134181488695
-1,0.03012473133714859
-1,0.016843855532690414
-1,0.018247950963230987
-1,0.03594001958284227
-1,0.14958559645308392
-1,0.08995715765415184
-1,0.018215453827175425
-1,0.00576465859463956
-1,3.999164812936619E-6
-1,0.014201595608531552
-1,0.020487031613446137
-1,5.09624473456224E-7
-1,0.12095168019045707
-1,0.01841141546102377
-1,0.07179294838577574
-1,1.115634562143295E-6
-1,0.12608571248772749
-1,0.5397793971552804
-1,0.2395989248393826
-1,0.003180523994358644
-1,0.03951757686893738
1,0.5281517672554733
1,0.6280857288339993
1,0.7029341369424739
1,0.8092858199582612
1,0.1213761937703229
1,0.7859584525054657
1,0.5867348522682917
1,0.9446946925600543
1,0.41584768054237864
1,0.005117443162260439
1,0.7877432420632583
1,0.7893202816757525
1,0.888813581270657
1,0.7682360845767953
-1,0.040314648168685956
-1,0.11637905615989996
-1,0.25519426514304766
-1,6.201651518903362E-6
-1,0.016380504548092735
-1,0.01668300196904093
-1,0.030352449257283927
-1,0.008364591221357394
-1,0.01154252151362385
-1,0.0035044773130625253
-1,0.2096160603470344
-1,0.0029260535810969306
-1,0.006620364581990927
-1,8.56167407269454E-7
-1,0.004616045652063061
-1,0.05004107018869001
-1,0.011115885205846554
-1,0.09565145144464635
-1,1.6666301199920843E-6
-1,0.009794307102354249
-1,0.0036396811473965616
-1,0.1443418411118023
-1,0.023584666991543463
-1,0.004989996005099158
-1,0.0073160482087089255
-1,0.11771380830102973
-1,0.00783723693963065
-1,0.01572430918765163
-1,4.405995606480718E-6
-1,7.89934498100915E-6
-1,0.38336765797197386
-1,0.007111824443367217
-1,0.19316178292086333
-1,0.027651640361253393
-1,0.0073072016520533455
-1,0.019667206133405054
-1,0.014189070653360539
-1,1.437561150874747E-5
-1,0.23722620949931839
-1,0.015414492122743062
-1,0.11551852388692634
-1,0.01198746761064534
-1,0.024277088502276955
-1,0.013569343533104065
-1,0.0993220835142922
-1,3.267746022250601E-6
-1,0.1298370388724112
-1,0.05712309010617014
-1,0.011828830824368508
-1,1.86704982402635E-5
-1,0.00783550714803726
-1,0.003942324361518332
-1,0.279045549311134
-1,0.01580508869174348
-1,0.0027648503328175254
-1,0.04041267467240529
-1,0.21380944152493886
-1,0.01601163665861739
-1,0.005215602583256045
-1,0.021068725518885657
-1,0.5052500079173883
-1,0.006036047787860204
-1,0.02861062500201961
-1,0.47778285731563513
-1,0.019688110922042246
-1,0.004090853646481198
-1,0.015235785048579286
-1,0.8162242574043027
-1,0.009926232524992834
-1,0.007201618554694695
-1,0.006341258468436335
-1,0.008744184214243642
-1,0.01892162063465252
-1,0.0056037695890512485
-1,0.007039955168978171
-1,0.005931986573167898
-1,0.203304393277617
-1,0.01814004917454473
-1,0.07098606929628068
1,0.15946382439501125
1,0.41829485074621303
1,0.7314462190489814
1,0.3203317656340639
1,0.8310975081870964
1,0.539442972583186
1,0.8603401825317593
1,0.5771934884699654
1,0.4218914341150748
1,0.27956872787593084
1,0.9392129081340588
1,0.9471065680835746
1,0.3744330833108654
1,0.9245832988594039
-1,1.2012779913122976E-5
-1,0.02572849560812841
-1,0.023152558207904485
-1,0.014483778455531723
-1,0.012847363612122688
-1,0.022134654101341925
-1,0.01966752044131031
-1,5.797603008143372E-7
-1,1.201835844935042E-5
-1,1.807183240566339E-5
-1,0.003138738011728551
-1,1.1201288721870923E-5
-1,0.003332228724631106
-1,0.05348306867659883
-1,0.08900660291992028
-1,9.29259622764508E-6
-1,0.0032402283168285278
-1,0.012916812320090317
-1,0.5563731596534681
-1,0.02478514744468825
-1,0.027295252390955333
-1,0.015916819060270714
-1,0.04619504057499456
-1,0.050081810147023134
-1,0.2723048926374562
-1,0.5288430823883415
-1,0.021283831821876948
-1,3.898603591956017E-6
-1,0.00803607363855452
-1,0.003127522508201382
-1,0.004819502576225731
-1,0.028892364714216207
-1,0.3660215273437287
-1,4.3755534304048436E-6
-1,0.022565785556741703
-1,0.03273361336767469
-1,0.08689047596539716
-1,0.004034010429541156
-1,0.20749248969570325
-1,0.021980163085652506
-1,0.007978979471303257
-1,0.0367367952165772
-1,0.5304389098352004
-1,0.013371989304474592
-1,0.2347180881109584
-1,0.8365381147090614
-1,0.03724389224965722
-1,0.0036239990327660817
-1,0.003873369699274201
-1,0.008555734846443237
-1,6.755091354100645E-8
-1,0.015411961581092912
-1,0.008964531414846192
-1,0.019323982647414757
-1,0.17639020646369363
-1,0.0029607769408582884
-1,0.32841683472628846
-1,0.01144744328184012
-1,0.008191178846109573
-1,0.003665277807128046
-1,0.07048105785363107
-1,0.0031653575621959965
-1,0.023570734500219504
-1,0.014568698435531043
-1,0.002704318799987343
-1,0.06271068716311069
-1,0.013548768211072851
-1,0.01151664253353726
-1,0.004085803716217097
-1,0.2985611593763285
-1,0.007874158035755547
-1,0.0042472528893387354
-1,7.304774542815805E-7
-1,6.716387474121209E-6
-1,0.003997463535976
-1,0.0990718694125877
-1,0.35239486870616066
-1,0.0035632928521260364
-1,0.8038489700611324
1,0.6788714615170653
1,0.05029635724726616
1,0.7630340519240348
1,0.9227504293545138
1,0.3200344517171629
1,0.9080702202487932
1,0.4395871411236904
1,0.6877939349941042
1,0.06374844799173
1,0.4847657688626595
1,0.5433779739633816
1,0.12751839808770699
1,0.15106951297468962
1,0.4048148825415148
-1,0.05388125363852172
-1,1.4864651935703266E-5
-1,0.022495685012093196
-1,0.030996986066385408
-1,0.29150998610932777
-1,0.009394980299479942
-1,3.659790706773965E-6
-1,0.033735439689435466
-1,3.9481877638534724E-6
-1,0.08459267083136011
-1,0.303531261476388
-1,0.01568961912918257
-1,0.00298510364991112
-1,0.005343295105801156
-1,0.0048625607586180244
-1,8.050053162051084E-7
-1,0.20162511936343674
-1,0.023623648905604568
-1,1.2594434893164456E-6
-1,0.014913136096232248
-1,0.12760113973092646
-1,0.006746484293179715
-1,0.030359795117540906
-1,0.11182939570805563
-1,0.005307232888292844
-1,0.005263866453181424
-1,8.028319787331347E-6
-1,0.016099498718721714
-1,0.009699536297928416
-1,0.183198248615777
-1,0.015730823140648373
-1,0.13521679243295226
-1,0.15496901640172328
-1,0.10521131820731786
-1,0.17048110000147795
-1,0.18128202746078234
-1,1.7687242042127692E-5
-1,0.011882985163558943
-1,0.05348491535664201
-1,0.013977768177361361
-1,0.015408753278519455
-1,1.1838125244379355E-5
-1,0.006565211813233439
-1,0.04385898919721239
-1,0.006191174850473487
-1,0.0154838470983125
-1,0.027516594611853584
-1,0.05083092153629335
-1,0.14624703153928553
-1,0.014731270071484786
-1,0.009160801535155179
-1,0.030694654886466853
-1,0.08963289585739964
-1,0.04142398627502711
-1,0.08438648125204896
-1,1.1036599326335636E-5
-1,0.011510255019813884
-1,0.3267315620374245
-1,0.04796697583477442
-1,0.0048741442513263265
-1,0.4671659686040436
-1,0.004467630317011324
-1,0.14229019090524886
-1,0.0037838735635201655
-1,0.02687114905508609
-1,0.12013897559419892
-1,0.04825909535300855
-1,0.14577028361565222
-1,0.28525760833202746
-1,0.01073374902820191
-1,0.4139742650930128
-1,0.005959682593590349
-1,0.022764937155428374
-1,1.7318444003280756E-5
-1,1.934124605025448E-6
-1,0.10849681206052379
-1,0.391688594592412
-1,0.24566143345925195
-1,0.027650650945674263
1,0.9692429886608531
1,0.8657626712449812
1,0.7915410834540388
1,0.9179633262207079
1,0.5756398571927155
1,0.7455779118484787
1,0.22916385151903246
1,0.07771490188814291
1,0.8458135435826803
1,0.8061914215139432
1,0.03380667994719389
1,0.07857165234645522
1,0.9031691229774913
1,0.48002033468471755
-1,0.1167441493986343
-1,0.01889255884038262
-1,0.004160055227722422
-1,0.1461745047069759
-1,0.12776046324129386
-1,0.003243108087872255
-1,0.0027769512305309365
-1,0.013559005761842654
-1,0.014765493800938057
-1,0.0038714648721429558
-1,0.24195947669892004
-1,0.27294566356670796
-1,1.0713881342161406E-5
-1,0.007520802878574032
-1,0.036552109841142155
-1,0.011496711830749922
-1,1.1249766866019278E-5
-1,0.007273706107850696
-1,0.006669584275943899
-1,0.00795920644364818
-1,0.004143473210838195
-1,0.005805385855695888
-1,0.0427002195399436
-1,0.009184278975596582
-1,0.27684104645179836
-1,2.3959692357603517E-6
-1,0.023401218476317678
-1,0.038996855654390566
-1,0.0037845686417465768
-1,0.761855213653474
-1,0.2819075933858779
-1,0.06321360700868386
-1,0.00942324804248511
-1,1.5643489045698553E-6
-1,0.4069907920180545
-1,0.0040079185011600155
-1,0.005086208618733222
-1,0.017170816764273608
-1,0.014187428358965432
-1,0.024031592908380212
-1,3.5610750537475296E-6
-1,0.008693827094998169
-1,0.006350955637298112
-1,0.027266048580860455
-1,0.00606707973908177
-1,0.012654601315953223
-1,0.17316137125911515
-1,0.014906458266675022
-1,0.0059648072594271585
-1,1.0363735853778815E-6
-1,0.020155786453303157
-1,0.30906164958866966
-1,0.00724162637714439
-1,0.024144311117235175
-1,0.043183337490023004
-1,3.6852150911791883E-7
-1,2.83368485196701E-7
-1,0.04089147589735953
-1,0.01026214599956851
-1,0.01197343431972777
-1,3.853963806871729E-7
-1,0.003537276104891057
-1,0.010886724819822327
-1,0.014889263746210064
-1,0.021878636756008474
-1,0.0037771477048026783
-1,0.2095408072255759
-1,0.015510014241327846
-1,0.020165704160497688
-1,5.841390695602075E-6
-1,0.12081105599082374
-1,0.0852803050154868
-1,0.0048071124170702695
-1,0.0030486681897555885
-1,0.06514430897234329
-1,0.18576278716461336
-1,0.14803416822931306
-1,0.23897395044755732
-1,0.05698436567006338
1,0.7728159172199924
1,0.3309179074742551
1,0.5404577393967124
1,0.5164187667109961
1,0.4216020120955706
1,0.8835620467667001
1,0.8308481820257406
1,0.24169752045471968
1,0.2811430353700105
1,0.3149984878594138
1,0.7474068503900146
1,0.1365320236016011
1,0.7410597877605214
1,0.9069642519329117
-1,0.03821524819802486
-1,0.06481115207115101
-1,0.0232991437125681
-1,0.008351541076116837
-1,0.10618719373195804
-1,0.1091451246934163
-1,0.014687225176244609
-1,0.44383705728768796
-1,0.004597765409122754
-1,0.16542762704700886
-1,0.012377113085890694
-1,0.14962088176681193
-1,0.006171887903542635
-1,0.05922187341223976
-1,0.07365151025755172
-1,0.005514665110780332
-1,0.005710544793162721
-1,0.05055387425678605
-1,0.08418532352917778
-1,0.06773910940430537
-1,0.06457375442330825
-1,0.15391057773469757
-1,0.006006630235162402
-1,0.3373226732269307
-1,0.03913462099790662
-1,0.00468431367098986
-1,0.1410005317302655
-1,0.059663415115756874
-1,0.534759192465568
-1,0.6470602196158144
-1,0.01470005998122533
-1,0.005146460665674987
-1,0.10188353847985639
-1,0.08248449151974614
-1,0.6654263766393836
-1,6.114075480625616E-6
-1,0.0224442736239861
-1,0.010036879350323796
-1,0.1031769823800268
-1,0.13508271931508775
-1,0.22062717238359952
-1,0.07359377250436971
-1,0.013621531490876637
-1,0.29931065652843236
-1,0.008253054942772346
-1,0.00410493758988449
-1,0.09559922497218841
-1,0.04227127338799803
-1,0.13250082644179095
-1,0.13693401778194902
-1,0.0354817905701703
-1,0.012265424339068128
-1,0.021577665205000277
-1,0.004597059777322644
-1,0.030736727191808217
-1,0.115069583895698
-1,0.044247407588812196
-1,0.10437926085493794
-1,0.22412540661676933
-1,0.011941535395335316
-1,9.325844649905723E-8
-1,0.03334443113127943
-1,0.0557143555763603
-1,0.15228385994523191
-1,0.007349822625923563
-1,0.012517408149929299
-1,0.0400332511047183
-1,0.03579129091665741
-1,0.14801095226416766
-1,0.024877903660360697
-1,0.004961626593937331
-1,0.28798640990252733
-1,0.25727414084700395
-1,0.08679295592153131
-1,1.1147576860421837E-7
-1,0.4097322374693396
-1,0.19568737029114303
-1,0.018701924281896508
-1,0.007803143939660611
1,0.7976722887671228
1,0.09494139114650882
1,0.0883419613628842
1,0.5378783090303423
1,0.8856797871551426
1,0.9806340475362754
1,0.8049459312087476
1,0.16038555278802727
1,0.02565446426139066
1,0.563606472927845
1,0.5978543581566393
1,0.5962024268226336
1,0.21708425158914602
1,0.5849530302371261
-1,0.013047868404147865
-1,0.029914755619629186
-1,0.02872025294898711
-1,0.042102275394672574
-1,0.004025701974998252
-1,0.034915080115378756
-1,0.030632742261444426
-1,0.00486073327208529
-1,0.5422581923202681
-1,0.542639268412035
-1,0.028035198939686225
-1,0.011589775353263193
-1,2.0404684694686867E-8
-1,0.0033897860940067426
-1,2.2509148099898865E-6
-1,1.0433475873253964E-6
-1,0.14659695011581936
-1,0.0800329173315071
-1,0.9311508191088125
-1,0.11455554650600194
-1,0.0034415218796912876
-1,0.056279991849653356
-1,0.21823648983102426
-1,0.008174594509558316
-1,0.08424055045110602
-1,0.12625044720941114
-1,0.03325085357683476
-1,0.029285352119276933
-1,0.005098070672309346
-1,0.8392336167329917
-1,0.04112097068826299
-1,0.005664614573759326
-1,0.004460147329411633
-1,0.028650722260770433
-1,0.07471214188491976
-1,0.0037434170005557787
-1,0.010430843340423311
-1,0.004228104924347228
-1,1.5220927595456261E-6
-1,8.518144691845748E-7
-1,0.0034947110214638595
-1,0.004760905703576858
-1,0.016605597388642996
-1,0.3741984600706761
-1,0.026233036400815805
-1,0.022677019916330577
-1,0.24048868159202663
-1,0.12837288830235513
-1,0.032316758621870244
-1,0.01584478559620697
-1,0.16720094572648056
-1,0.24112522285108348
-1,0.011384501800804305
-1,1.864255554085979E-5
-1,0.011396260099079436
-1,0.0033358107703621996
-1,3.0879659957637026E-6
-1,0.0029161822348028736
-1,0.009150404900420777
-1,0.08123953707428756
-1,0.13982927482255317
-1,0.02092129954180563
-1,0.01256673950665283
-1,9.094088983146262E-6
-1,0.15750421111181379
-1,0.004308668024938014
-1,0.13697568482341563
-1,0.02652374726437369
-1,0.020596667916925535
-1,4.582386320393384E-6
-1,0.004167997604384267
-1,0.008486024437029706
-1,0.032783854727237105
-1,0.0201232836650227
-1,0.03623733411532669
-1,8.777273437986303E-6
-1,0.14680742549715103
-1,0.025541169465407666
-1,0.1256751801138596
1,0.9308317123169281
1,0.9096748934040453
1,0.6718106191081664
1,0.35602463324548267
1,0.5156117055253009
1,0.7999669474767229
1,0.06341200714236565
1,0.1279199189739849
1,0.4493609610973002
1,0.8169910147712787
1,0.07356143746936289
1,0.3698784754502212
1,0.21275338806179614
1,0.8776848152823801
-1,0.4427910284853473
-1,0.2439062936407718
-1,2.862975841855697E-6
-1,0.08012411535595076
-1,0.05891011068163344
-1,0.046872234645500756
-1,0.004996510991411933
-1,0.8852913184944416
-1,0.06379073382441022
-1,0.03857828873536683
-1,0.009321547067553485
-1,0.0754457819279471
-1,0.028674089339848996
-1,0.004657550328324198
-1,0.0028790825893554787
-1,5.099233160418786E-7
-1,0.017706607843015632
-1,0.018180002711911256
-1,0.01160784933588146
-1,0.041512851400681415
-1,0.055418219087454035
-1,0.13657741061761625
-1,0.009224670981595823
-1,0.009396488137979143
-1,0.007543760287322858
-1,0.06594780214054617
-1,0.04270237033344087
-1,0.0033714674366578413
-1,0.024336424262481084
-1,0.05597559932190281
-1,0.5923494544825354
-1,0.01950556394200467
-1,0.003380643267123109
-1,0.06525239031335649
-1,0.006630989936049364
-1,0.023128799026052124
-1,0.1816377316173776
-1,0.05209991626533116
-1,0.10534617549466727
-1,0.1543507686508891
-1,0.3664767465421482
-1,0.05746740532393708
-1,0.024833084579851672
-1,0.019007823137030557
-1,1.1687992737722128E-6
-1,0.013402050467785684
-1,0.08630166108078392
-1,0.13763664960353875
-1,0.003265319856971354
-1,5.52488274648336E-6
-1,0.025905961185185938
-1,0.004884716253503862
-1,3.1176945458054735E-6
-1,0.10427911057896747
-1,0.029463206687077685
-1,0.008974162107770129
-1,0.02148492987241148
-1,0.007327568940408606
-1,0.843052022123652
-1,0.010443696243927828
-1,0.16673793786007696
-1,0.01589618751717509
-1,0.05454492441764662
-1,0.03004610882787497
-1,0.025116818203953707
-1,0.12623355840856185
-1,0.03562075096155805
-1,0.0823342027908785
-1,0.010918829401223447
-1,0.0053924243228522266
-1,0.01477021869243771
-1,0.1905915275107922
-1,7.690973060011799E-6
-1,0.009709517939442134
-1,0.07169567201616191
-1,0.0036521980451651825
-1,0.3110878123426303
-1,0.0185770321404641
-1,0.15550795629826053
1,0.5236112852514203
1,0.7287269237539098
1,0.12053103768917219
1,0.55497820331287
1,0.7728220401871645
1,0.8637308844050227
1,0.8501684378100044
1,0.9678638611870964
1,0.703969260615223
1,0.8604629169804501
1,0.6720340789062139
1,0.43212930150293416
1,0.27962452960821765
1,0.35493629893407747
-1,0.09011282847945098
-1,1.9156484822658813E-7
-1,0.06395454991946366
-1,0.005906888880523897
-1,0.0076139909419127745
-1,0.010959674692688085
-1,0.6155428076256001
-1,0.014166674451671062
-1,7.448255955503135E-6
-1,0.027758472257743395
-1,0.04591492612046681
-1,0.18741066772269227
-1,0.0075904984116520425
-1,9.65535054079523E-7
-1,0.47103816661309167
-1,0.25678243996415695
-1,0.012430952929021912
-1,0.1076446718303213
-1,0.06643031229620816
-1,0.006722279436402128
-1,0.0586405959263311
-1,0.22505153673910142
-1,0.007052649757673165
-1,0.005361315615681044
-1,0.0405342230481413
-1,0.05070769471690501
-1,0.045717275997192844
-1,0.8600707499308379
-1,0.05243016424893013
-1,0.007920778988046414
-1,0.019817971125841702
-1,0.00979387492523239
-1,0.03800359417512707
-1,2.6599293632495313E-6
-1,0.021860360515197182
-1,1.3098878212522805E-5
-1,0.022671735287017644
-1,0.08079664688644345
-1,0.0060806770721158546
-1,0.0035256073668501788
-1,0.0065475123546474764
-1,0.01177475017045831
-1,1.858803762099673E-5
-1,0.6056083460817889
-1,0.06350253637583637
-1,0.01818033096117273
-1,0.0037990109981926017
-1,0.027159357763352585
-1,6.196904216512067E-7
-1,0.05478224873434044
-1,0.030896525744255787
-1,0.005906117393395351
-1,0.7038793407057079
-1,0.19160963724558244
-1,0.05180279852574574
-1,0.0029701076175723856
-1,0.22635682862425144
-1,0.03715116997936373
-1,1.4498468219367338E-5
-1,0.003947935318680686
-1,0.022168996589724932
-1,0.007901517559041858
-1,0.003788525133447505
-1,0.08659129155730594
-1,0.040095614378333616
-1,0.3242492135628261
-1,1.179160248780321E-5
-1,8.825036361854526E-6
-1,0.00750474465623577
-1,0.0028353860671903605
-1,0.7320217341682944
-1,0.08211425123500843
-1,0.004349632054479475
-1,0.35403564585885183
-1,0.013318096562157154
-1,0.04782598916632358
-1,0.03765428799440742
-1,0.7109667612783084
-1,0.05291743713508364
1,0.2550079657795687
1,0.9612668202497394
1,0.6391289922492227
1,0.4605536688994381
1,0.6467699707366179
1,0.9355651046115343
1,0.36397978780287
1,0.8638214311148634
1,0.7409938571065064
1,0.0043788007824077215
1,0.32115536637822445
1,0.6096045111515256
1,0.05229141285689508
1,0.007570684349650331
1,0.8664501173091276
1,0.9077996378571096
1,0.11712287339809378
1,0.9267974150357565
1,0.2058216691958753
1,0.6890933056189341
1,0.6086404323640868
1,0.8571291821887181
1,0.09090386085222008
-1,0.04073433345711205
-1,8.139967294782809E-6
-1,0.03519992629953073
-1,0.08305895795409224
-1,0.009906297057153218
-1,0.008525714350595612
-1,0.06925503788220212
-1,0.15035088706323774
-1,5.27200999907275E-7
-1,0.05137496742732721
-1,3.7934716212196044E-6
-1,0.0037914858524533846
-1,0.0273541097198285
-1,1.6437164205000656E-5
-1,0.010898346126497548
-1,0.010477598642892185
-1,0.13426047037693034
-1,0.1200315103718729
-1,0.028684472304484582
-1,0.008146514494466295
-1,0.008676717815433624
-1,0.003807469001629585
-1,0.03565529497070308
-1,0.3141009368358607
-1,0.07999489154357803
-1,0.014776088831221633
-1,0.10787859832825701
-1,0.024766141718124225
-1,0.4012668395991647
-1,0.04815751305690531
-1,0.06595070119827261
-1,0.005022955319483714
-1,0.009984131919090108
-1,0.03348752469592322
-1,0.08126803439581977
-1,0.005020482581596822
-1,0.003485688247148013
-1,0.006784702187749805
-1,0.029988362201879334
-1,0.08365695486614512
-1,0.005851926850154571
-1,0.1764781430385998
-1,0.6901910944386109
-1,0.09908519966230919
-1,0.02136954478340672
-1,0.012007718086785538
-1,0.015099454298369416
-1,0.03264969669195263
-1,0.04321218077217185
-1,0.0583574063255888
-1,0.008697263380057465
-1,0.013423373918712301
-1,0.002756728689896528
-1,0.031676622974250494
-1,0.006166178024982708
-1,0.09219599147603941
-1,0.008846924919919882
-1,1.1744463246344732E-6
-1,2.341150963733747E-6
-1,0.05604193279895684
-1,0.00827006859396229
-1,0.3666730713021561
-1,6.497560578699159E-6
-1,0.005314200888814289
-1,0.039618101381365095
-1,0.020713828919027993
-1,0.0064107013872960516
-1,0.0025682335144319368
-1,0.004034000952737137
-1,0.2991625498000904
-1,0.013859249838501203
-1,0.2206616609355508
-1,0.0237472800403996
-1,1.2938614438567075E-5
-1,0.006035963727887302
-1,6.5594968598859255E-6
-1,0.08528856841949191
-1,0.054037281431597896
-1,0.011458309154111928
-1,0.006416462012602566
-1,0.02231241975633107
-1,0.004659884896983553
-1,0.008410150544382058
-1,0.21726184848140015
-1,0.03616759299072484
-1,0.0031082474400786295
-1,0.02448979876569118