label,prob
1,0.32971918939624656
1,0.8777792387529123
1,0.7663519110424308
1,0.8190382632538278
1,0.21223353964851432
1,0.8385768749833037
1,0.3802211850132911
1,0.9874089839093354
1,0.8838645849958155
1,0.9665280469287604
1,0.3599903159067457
1,0.031737678639637015
1,0.8090947741350882
1,0.9789958893778191
1,0.9218209895771078
1,0.9840752753798628
1,0.4421861421181218
1,0.9316365388049946
1,0.16679878787825475
1,0.9710470969325583
1,0.8873054399047526
1,0.9855244691824832
1,0.8320503863816161
1,0.8872400097020202
1,0.28961624338033226
1,0.3441982263520789
1,0.6431374471137488
1,0.9412801656327195
1,0.3534605576244857
1,0.25877816213789
1,0.3743804840186007
1,0.8053450261771525
1,0.9123893327066958
1,0.9800295813459899
1,0.7711609340165682
1,0.8194363938716073
1,0.8195016153163459
1,0.9051039667435837
1,0.9456540347519475
1,0.04999486234313373
1,0.9213052041084216
1,0.9642962087542635
1,0.6655249674839007
-1,2.8565406539524865E-6
-1,1.9792782858262808E-8
-1,1.99604115297776E-8
-1,5.828393103839387E-7
-1,5.512506046147743E-6
-1,2.231495772152868E-9
-1,0.004006821957114477
-1,0.052927586443846215
-1,0.0034969631357490475
-1,1.9678608055707704E-8
-1,0.20362117624163767
-1,0.8541763471146951
-1,0.020668970509306838
-1,7.693037625097498E-7
-1,0.3485599673696144
-1,1.1428385318361398E-5
-1,0.0052273161560294785
-1,7.623650390521836E-7
-1,2.34359413551053E-6
-1,1.7221763126912053E-10
-1,3.4558288650713275E-7
-1,1.196181654702334E-7
-1,4.38632992805568E-6
-1,0.007413690696581887
-1,0.13071233260689935
-1,5.048688472888916E-9
-1,0.0845545306783233
-1,1.0802764059255963E-5
-1,1.0159731507511859E-5
-1,0.9360074702679944
-1,5.7095516159236495E-6
-1,0.10507047996827155
-1,0.17506718947139868
-1,6.866789759949938E-7
-1,3.127035019003446E-8
-1,0.032162818837253256
-1,2.530356492640372E-6
-1,0.012566602814426337
-1,1.1356606455215567E-5
-1,0.03628685551397093
-1,3.1398307781210648E-6
-1,4.2001722025238494E-10
-1,0.024840768307969184
-1,0.008334310643411611
-1,0.011037597447948527
-1,9.288508494996394E-7
-1,1.532662955360967E-8
-1,5.828541020464922E-7
-1,2.162937493899737E-6
-1,0.6395288587035695
-1,6.324075554333493E-7
-1,1.0006981926160868E-7
-1,1.4334748561856912E-8
-1,0.011398418396616903
-1,0.06989863915185594
-1,1.1694751585891848E-7
-1,1.58381859913655E-8
-1,2.3236983807277634E-8
-1,0.0080925988743181
-1,0.014883330571189284
-1,0.62974347833629
-1,1.67550004429536E-7
-1,0.0627445505038636
-1,0.13835796143928045
-1,0.7773525870527178
-1,6.090676947048894E-8
-1,0.006165898494554919
-1,0.06181011462297757
-1,0.0055483601650119264
-1,1.3254799519731738E-9
-1,0.008259060533608227
-1,0.21749223822671276
-1,1.5568594622359168E-5
-1,7.512298653923999E-8
-1,0.020776872702486803
-1,0.04944855703216708
-1,0.02380435961538706
-1,0.025004820015395154
-1,0.311619242677817
-1,5.99422944977327E-6
-1,1.7203904032300334E-7
-1,2.2770190736984838E-7
-1,2.4609972006762248E-6
-1,5.667342027641605E-6
-1,1.5588884300958413E-6
-1,1.0592086107234998E-5
-1,0.19076333749056
-1,2.5941684872484567E-7
-1,3.6280938452052306E-6
-1,1.6879817555148402E-12
-1,0.028557624189213416
-1,7.698330087757983E-6
-1,2.7089176675175774E-7
-1,4.266614631336972E-9
-1,0.005114327140755079
-1,6.764568634891976E-7
-1,1.859709337447451E-8
-1,0.0114537367322422
-1,3.330432323345303E-7
-1,0.10340977191647292
-1,0.002630008745212176
-1,6.616032145284858E-7
-1,0.00668364724003686
-1,0.901160496266659
-1,5.82746455964148E-9
-1,0.0025974805046548805
-1,1.1011077743130122E-11
-1,0.11536234688378007
-1,0.3101593557932797
-1,0.07482435680930964
-1,7.885068650970965E-7
-1,3.98002057797418E-8
-1,0.051137795717938875
-1,0.003187600211414522
-1,0.034985027696267774
-1,0.04878230075111859
-1,1.1002924233750788E-9
-1,2.6053997700250385E-8
-1,0.0026535704331223935
-1,1.0055395377841589E-5
-1,8.923153433920077E-6
-1,2.190165859928445E-11
-1,0.012070595013221082
-1,9.329766451151905E-8
-1,0.0070676805368958835
-1,7.292995511089209E-9
-1,1.7646460189151936E-6
-1,0.0031563181028423353
-1,0.0029516935795781602
-1,1.4151775405579342E-7
-1,1.297490445623952E-13
-1,6.073360880140316E-9
-1,0.6679270200654593
-1,0.0025810206431226405
-1,1.7035615934646866E-9
-1,0.008900592098345685
-1,0.010311005889092839
-1,2.463163156795347E-9
-1,0.011780432325527154
-1,3.732388045832424E-7
-1,0.005877464539098481
-1,0.011853213699596238
-1,0.013652716252304778
-1,1.684890471942545E-6
-1,0.18240089860280234
-1,0.07283894772725728
-1,2.021235956280745E-8
-1,0.8980267047902633
-1,0.039573047676720846
-1,0.03251205664984876
-1,1.4833744602724626E-8
-1,0.3332446811655262
-1,0.021648960892292932
-1,9.91858605010151E-7
-1,2.4357173445937918E-6
-1,0.024461378891536253
-1,2.998842559732178E-6
-1,0.36016395940291845
-1,4.67801078821353E-10
-1,0.04001644016073021
-1,9.66227905501535E-12
-1,9.44123212613994E-6
-1,6.219596981751282E-8
-1,0.7358012958083711
-1,0.11585114399669029
-1,4.869764043689499E-7
-1,4.275185838212573E-10
-1,0.006547860786924534
-1,3.7185911825199337E-6
-1,0.003510775919263736
-1,3.0773117910968685E-7
-1,0.8214479889674222
-1,1.8125379207922694E-6
-1,0.1422451722116648
-1,0.06897365186071733
-1,0.004582924140724741
-1,0.005178303970232279
-1,0.003939982319638997
-1,0.003298093169713175
-1,1.5814647193623168E-5
-1,0.05982452859295217
-1,0.012514447040235953
-1,0.006057933281532986
-1,1.4101003906653144E-5
-1,0.10176483983127275
-1,1.347823626462051E-7
-1,1.5328790425529283E-7
-1,0.005493886789807083
-1,7.122896119074917E-9
-1,2.766014177360271E-8
-1,0.006217422427080486
-1,1.0422067624918934E-12
-1,0.01013389392435911
-1,0.011889717045568337
-1,1.900528487321343E-9
-1,8.711243117865853E-13
-1,9.043847373380374E-7
-1,0.007989528666599573
-1,3.551817476004746E-8
-1,0.07218459503919451
-1,3.602882222546649E-8
-1,1.1718542212588878E-6
-1,6.016213142686789E-7
-1,9.292290064027842E-9
-1,0.7115312501963393
-1,0.038735699181762
-1,1.889208227141045E-8
-1,0.027211094179231166
-1,0.24507622208002475
-1,2.97302044058221E-12
-1,0.06649717442450778
-1,0.017225697089181664
-1,2.1748589828598593E-6
-1,2.520142795422784E-7
-1,0.1435467266579186
-1,1.2758573899031917E-5
-1,1.4264896766980438E-9
-1,3.999529367131038E-11
-1,8.7982292817458E-10
-1,9.274993658735725E-9
-1,0.03878721365531927
-1,4.873920840411807E-7
-1,0.0035674600049405356
-1,1.732256989957977E-9
-1,0.2317358942793621
-1,0.0033385100555282316
-1,0.018740542121519838
-1,1.4404259519606793E-5
-1,0.003910347002288255
-1,1.352403603590328E-6
-1,2.0346351281362297E-9
-1,0.003178553524182013
-1,0.035212665373042656
-1,1.673556044545148E-8
-1,9.346045924921154E-6
-1,0.46098398518759337
-1,0.0035643599863709164
-1,8.943697350839021E-7
-1,1.2426376932225914E-6
-1,0.1993324579582224
-1,1.2658054057762125E-9
-1,6.416239757432404E-6
-1,0.0027419161496896466
-1,6.394094451878667E-6
-1,2.5169997331198225E-6
-1,0.004269639556687914
-1,0.8925048960745416
-1,0.08780203708492244
-1,0.007425538048520035
-1,4.610869374696039E-10
-1,0.010981428356766597
-1,7.789227944593257E-7
-1,1.0409428248553622E-6
-1,4.414400559710403E-9
-1,0.03678604370328177
-1,0.151103288578399
-1,5.864112230319882E-7
-1,1.2454084159433216E-6
-1,3.4394154300246193E-7
-1,8.400445423630191E-7
-1,0.9431471131851239
-1,0.2787357661516404
-1,1.517081899554376E-5
-1,6.096462849710812E-7
-1,0.08776094758471954
-1,6.19625375630553E-8
-1,0.04095150349455193
-1,0.05198759172842748
-1,3.400666717977179E-6
-1,0.006878734062014596
-1,0.016318145664970238
-1,4.401097457555303E-6
-1,0.004149794261481715
-1,0.012067054676909368
-1,0.009939623498289004
-1,0.02431840461683701
-1,0.28097951858162706
-1,1.2739722181043966E-6
-1,1.8035041564846994E-6
-1,0.047391820984286626
-1,0.006671278463714572
-1,0.03904103562888633
-1,1.6192732100086917E-5
1,0.9855304586576341
1,0.4153642722696018
1,0.05400688228057697
1,0.21977806379785778
1,0.5371020334130675
1,0.39064862437703896
1,0.5346917770762218
1,0.6394287679887372
1,0.5915074163942847
1,0.35960319132379515
1,0.9215511131454556
1,1.5854341643963053E-5
1,0.7708662595697685
1,0.9312043862546444
1,0.81489114748015
1,0.8058824333361831
1,0.3485113362787531
1,0.021044203555627534
1,0.8766084139293332
1,0.8484761535777856
1,0.9423148334514191
1,0.9602730508423637
1,0.11967791037736691
1,0.2632520157542082
1,0.9996202636511003
1,0.017643201433999837
1,0.709067772136034
1,0.44943773546598953
1,0.6845206925444614
1,0.9856000875492257
1,0.9060404905826347
1,0.7715661420823398
1,0.811935606812798
1,0.7519035722836301
1,0.544127777922317
1,0.6521023074646463
1,0.6301651854423683
1,0.7978074483072333
1,0.07874321970422793
1,0.6654545682354583
1,0.15988930838672602
1,0.4164836838592691
1,0.6046000645364308
-1,5.029783429016902E-7
-1,0.03168788699995157
-1,9.338884372324739E-6
-1,0.023632451438581167
-1,0.16276748681504577
-1,7.581630220378236E-7
-1,4.980536874290435E-7
-1,0.1996552773823133
-1,6.511209772292769E-6
-1,0.017223786168722256
-1,0.013298863974700828
-1,1.56246793412969E-7
-1,1.7537434881627608E-7
-1,1.4414833531034206E-6
-1,0.03782336205069803
-1,1.697049410881522E-5
-1,1.2201915822022716E-7
-1,1.3336409473790726E-5
-1,0.012791699532979579
-1,0.11230361398259361
-1,0.003544042556546654
-1,0.05644056356635772
-1,0.014578387328250222
-1,0.035576690169919045
-1,8.900467242942088E-10
-1,1.0076516198817838E-6
-1,1.8541513698349871E-6
-1,0.698681312471477
-1,0.05085746874800305
-1,0.03603007888502318
-1,0.011798234162327807
-1,1.8175917026975803E-6
-1,3.6515572612786988E-9
-1,0.6555257070452214
-1,0.010523320154204135
-1,0.36896531900146223
-1,2.3187442870552884E-9
-1,1.0979237323280337E-5
-1,0.010209073344543277
-1,5.428015080483856E-7
-1,0.014169200131392537
-1,0.006222542919472446
-1,0.29168715392936323
-1,0.0147542652135374
-1,0.0034677926965026172
-1,0.004169772776921982
-1,0.015783848784487815
-1,1.1445436814979922E-5
-1,0.002817067599577918
-1,9.863242437131534E-6
-1,1.582829427089792E-6
-1,0.005620791436548891
-1,0.0030528060644777998
-1,1.6380162456041497E-5
-1,0.02818957840824706
-1,0.056980880943019584
-1,4.413373426398301E-10
-1,1.4203142322325033E-5
-1,6.264448200888358E-8
-1,2.13770940024878E-8
-1,0.2870583504928534
-1,2.228238033691718E-6
-1,0.08266616850715815
-1,0.7364393170416994
-1,0.01832323086350679
-1,0.016149041401774877
-1,0.21099645073192358
-1,0.002861277833248436
-1,1.7312039488270838E-6
-1,3.8066974817644757E-7
-1,0.04000742664953748
-1,0.0031980136960700384
-1,0.017245834555713886
-1,7.571283612046029E-8
-1,0.003938580241891187
-1,1.6744081894737384E-9
-1,1.1596226067500161E-5
-1,5.904625124169131E-6
-1,1.1191547272563964E-8
-1,0.06761323269050222
-1,0.008525904773326473
-1,0.005874321381146122
-1,0.3379563140457527
-1,6.736007017684098E-6
-1,2.1054672994590203E-7
-1,2.079022119654573E-8
-1,0.008572315107961328
-1,0.27531581858066706
-1,0.005934777656555379
-1,0.02100597370193115
-1,0.24698411908463852
-1,9.781031543199538E-7
-1,5.0004606572360346E-11
-1,0.003758956745199919
-1,0.004396170190806417
-1,0.02074866075991085
-1,1.3359674920112344E-6
-1,1.4318503283755401E-6
-1,8.115018775115237E-9
-1,2.994072844231E-8
-1,0.002554014535526537
-1,3.878807229682078E-8
-1,1.1954787439366678E-5
-1,0.003332224567021826
-1,0.06030573181347801
-1,0.0038357916866984007
-1,0.005075836365530184
-1,1.4939693697148095E-5
-1,0.008616237023010745
-1,0.42451052796963257
-1,4.529017853430974E-8
-1,0.03208323529554357
-1,4.01146113313096E-7
-1,0.1336963249713284
-1,0.020046650215234413
-1,0.008882855114278446
-1,0.21918302876441534
-1,1.7612009407174817E-5
-1,0.07242864831619737
-1,3.1361897245816803E-13
-1,1.5500097591786428E-6
-1,0.3450030743458509
-1,0.1062464399564727
-1,0.009015798889916792
-1,1.3523025494960938E-8
-1,3.669324049900172E-8
-1,2.9351921633781866E-6
-1,3.3810326651259196E-8
-1,0.020050501517649276
-1,7.020951907273816E-7
-1,0.04625719575906152
-1,1.0357999808103621E-8
-1,0.0504895676597333
-1,4.273061150235695E-6
-1,0.003881818783398279
-1,1.2137270480875867E-5
-1,1.1207110100591016E-5
-1,2.5731127713652514E-6
-1,0.03911441585174705
-1,0.18100672363699613
-1,1.383821772288117E-8
-1,0.018646837621278063
-1,0.003838433763581906
-1,0.09475023495523038
-1,0.04363230674509902
-1,1.9679566375191717E-6
-1,9.977116757298624E-6
-1,0.28764718376091397
-1,0.14336392550496288
-1,0.2272595630626396
-1,4.947796561015265E-9
-1,1.1111320636645516E-5
-1,3.8552850445831485E-9
-1,7.09713755586212E-10
-1,0.12110388749973891
-1,0.012003935737933392
-1,4.374371714750853E-7
-1,1.1007138134671719E-5
-1,5.35790213410449E-8
-1,0.10051975488983421
-1,1.6952042293396332E-6
-1,1.7389034931137744E-7
-1,0.0067651527489675425
-1,5.380629022670434E-9
-1,4.4446268926848643E-7
-1,0.2203924506197423
-1,0.05107176395351459
-1,0.002961064348906377
-1,3.721897788554856E-7
-1,0.05115651480700631
-1,0.004338460200310618
-1,0.017403557652171206
-1,0.004175243939309181
-1,0.01368367640825256
-1,4.351515831865457E-6
-1,0.010754399633706469
-1,0.02007178422515833
-1,0.4120418041348197
-1,2.986690032795972E-7
-1,0.00762663506477005
-1,0.018882385319540226
-1,8.634854524519598E-8
-1,0.5115616712608284
-1,5.80646452822732E-7
-1,0.040433825551629984
-1,1.84544390820356E-5
-1,1.1327638483376366E-8
-1,1.986121089493312E-9
-1,0.03078259458290006
-1,0.14527813504319717
-1,5.762208888105632E-6
-1,3.7437526799979675E-6
-1,1.284173783612829E-6
-1,1.8588042510528103E-8
-1,2.86343401389585E-8
-1,3.577580909632885E-6
-1,1.386816318473442E-6
-1,0.715662871058804
-1,0.013469122753342467
-1,0.03356306184926118
-1,0.008066071487614044
-1,3.8084521106878534E-8
-1,1.188926001735077E-5
-1,0.002894025159070967
-1,2.429105803173292E-7
-1,8.153687720601752E-7
-1,0.30876961294895433
-1,0.163657305243587
-1,2.4992591789070764E-6
-1,0.11943756848413747
-1,0.08081573540873815
-1,5.868979412175747E-7
-1,7.854125735432406E-7
-1,0.3503261834476305
-1,0.09872160459461304
-1,9.305095201097652E-8
-1,0.05294316795026849
-1,0.003043317065157233
-1,6.0912819213274955E-6
-1,0.009665047986985776
-1,0.007994179461491547
-1,2.625078006741052E-9
-1,1.8534596557952223E-6
-1,0.14711606255356965
-1,0.05136415031653678
-1,6.157720036169843E-6
-1,0.14669717583876582
-1,2.8898066502142786E-6
-1,0.20335791949809387
-1,0.021404745162151385
-1,0.08150321575965325
-1,3.08522440350782E-8
-1,9.627287931251812E-9
-1,0.042607544303858394
-1,1.7493819058892112E-6
-1,0.004577706251349776
-1,0.10944731889350459
-1,0.006568791032534149
-1,0.003330838262025669
-1,0.005184906510275582
-1,0.013786278230381107
-1,0.012177612671268554
-1,0.09068146030217668
-1,4.992956898316158E-9
-1,0.19248597397664174
-1,8.062862264412939E-6
-1,1.6098958878697303E-8
-1,9.776517548582613E-6
-1,2.510899634146865E-6
-1,9.356536958847857E-9
-1,0.02914414155529603
-1,0.039030502108951697
-1,7.575572423929934E-8
-1,2.15810656868251E-6
-1,0.01601978416173385
-1,0.06781720680677115
-1,1.2854634052407623E-7
-1,0.019601863317322638
-1,0.009535113068223397
-1,1.8991262123128543E-6
-1,0.017366772029454965
-1,0.016397223548528073
-1,1.3691609072190943E-10
-1,4.122811973802785E-12
-1,9.29357155559812E-6
-1,0.23091812407604906
-1,1.1279802279461684E-7
-1,2.0534142849634976E-8
-1,0.045007907377332936
-1,1.492609284444106E-5
-1,0.010765561303120591
-1,5.315137439633956E-6
-1,0.14398068406750908
-1,0.03762523027441545
-1,0.008177128916779691
-1,0.022060119887240933
-1,9.187285052882849E-6
-1,0.016446692700037027
-1,0.04812338561323143
-1,3.201587359415709E-6
-1,4.188605050900328E-6
-1,0.031078467142521077
-1,2.3644226007171413E-6
1,0.18651702803181383
1,0.06634002911076062
1,0.9886262007019825
1,0.4841227712368784
1,0.04796031733152866
1,0.46639102472283367
1,0.9743346213657825
1,0.8148835390248891
1,0.0657829924144637
1,0.9034596862082823
1,0.4119042814059795
1,0.926775638145071
1,0.9204062700256671
1,0.9735928127860889
1,0.8683062840441645
1,0.8904367840144577
1,0.8509506670307365
1,0.5
1,0.9833268568219156
1,0.016651232419174
1,0.9804207208446235
1,0.5494245611197389
1,0.8584203698857256
1,0.01400592995081149
1,0.8849246322873141
1,0.9538437464891882
1,0.6375620158926333
1,0.07478016739262033
1,0.9355110896580929
1,0.9428093782373591
1,0.9342467530108411
1,0.7346336226210963
1,0.8905649957841455
1,0.876847505254075
1,0.9306523528894433
1,0.2432592689851705
1,0.2082230047378318
1,0.7632298590497768
1,0.5678296312849082
1,0.6192894845786444
1,0.7254426841739747
1,0.9095416152735096
1,0.663514559323715
-1,0.005983981087794537
-1,0.05974086136008842
-1,0.48430377609225633
-1,0.08700358929988086
-1,5.445970739547622E-7
-1,1.1513036200667809E-5
-1,5.8550333837309584E-6
-1,0.0069350877122740275
-1,0.7556188611874315
-1,0.05831615719124458
-1,0.012640438312109549
-1,1.2230021595188116E-9
-1,1.8895541924319694E-6
-1,0.0075299390417256145
-1,1.800907011420084E-6
-1,0.05342255558923198
-1,0.10101781049556498
-1,0.14383168881941996
-1,0.044587175391033
-1,4.5794005201091364E-11
-1,1.0876592915282939E-7
-1,5.754498046711213E-9
-1,1.7853725331967428E-6
-1,0.00755850555879702
-1,1.0857399456676351E-5
-1,9.091066732483612E-6
-1,3.1284572412596386E-7
-1,0.0030543065194506814
-1,1.0017244953113845E-7
-1,8.566181307321294E-6
-1,0.011308074773006457
-1,0.0033439448966063362
-1,0.01852468232006221
-1,1.9264547197668823E-7
-1,0.009059383582596548
-1,2.400759437483765E-6
-1,1.2884574241455965E-5
-1,1.693803788169558E-6
-1,0.009780657463846681
-1,4.813534004398111E-9
-1,6.386690599163577E-10
-1,0.005018718760783684
-1,4.680869198601267E-7
-1,1.2097012280139073E-10
-1,0.08838279643357082
-1,8.216604143309632E-7
-1,0.0366272630884444
-1,3.1252724260290926E-10
-1,0.07499743417978423
-1,5.899141140611993E-10
-1,0.15677275290198403
-1,0.0027018548090514682
-1,9.283891091609249E-7
-1,0.188442013879371
-1,0.018272874795285426
-1,4.049978542262292E-8
-1,0.012623416010430792
-1,1.3785033176903756E-7
-1,0.24689010743739512
-1,2.0018097096525195E-6
-1,0.0063957859173192685
-1,0.04271558568246345
-1,0.3496489194662738
-1,0.07595005007180451
-1,2.1251845924178836E-10
-1,0.004428187781239691
-1,2.1763761797194963E-8
-1,4.300431043283851E-10
-1,3.9295339746842455E-9
-1,0.008471104759281882
-1,7.255712043655259E-6
-1,8.210329241832417E-7
-1,8.336701214163807E-9
-1,1.665591820020161E-7
-1,0.010032046345958126
-1,0.009036926179873587
-1,0.0032363180274764757
-1,0.1833175533258418
-1,2.488337387145234E-8
-1,4.884001469012085E-8
-1,4.5289531193031566E-10
-1,1.133191914561381E-5
-1,1.9060824527380454E-5
-1,0.021725103045969675
-1,1.032150099488752E-6
-1,0.11844779408452887
-1,0.07503002877047973
-1,0.044601407382047285
-1,0.3502556488694846
-1,0.09466689376636184
-1,3.8383349875198536E-8
-1,1.7881155562285132E-11
-1,0.0030030142970437273
-1,0.004911245697839621
-1,0.01067924580906462
-1,2.4654055429279455E-7
-1,0.033272785576563726
-1,3.866067477127116E-6
-1,0.00379239627061882
-1,0.028660928495476256
-1,2.3367666823079746E-8
-1,0.0089102866080498
-1,5.951297728130375E-9
-1,3.929186879686551E-6
-1,9.078654254541616E-6
-1,4.0412587013233795E-7
-1,0.0062681362008194935
-1,0.0038025032656311777
-1,0.002884625797644119
-1,0.4889745490300529
-1,0.007230933552091915
-1,7.57638858149113E-7
-1,0.2720614903753966
-1,2.9187401604649672E-8
-1,0.002593361473501689
-1,0.0033858460445201992
-1,0.011830028067253655
-1,8.623250790549959E-6
-1,0.05057626081017389
-1,0.004888148216964752
-1,0.01907169961194967
-1,3.0874938083368496E-7
-1,0.22914390894115536
-1,2.0987390891090908E-7
-1,0.08566476554864295
-1,0.42870671489195183
-1,1.453330250900021E-7
-1,0.0031190068220698234
-1,0.03804893369747921
-1,5.8788189727391414E-6
-1,0.5498457510414403
-1,0.004688305183803567
-1,4.304205313360476E-10
-1,4.7689407694029E-11
-1,0.2505667214132659
-1,0.8450684617282254
-1,2.3455148980232495E-7
-1,0.003738909981147496
-1,0.01001791804739207
-1,0.003595144605626818
-1,1.158852688882964E-8
-1,0.17085324120613335
-1,0.0027452722458423022
-1,6.038176407418148E-6
-1,0.6569843966125906
-1,3.3819146762877915E-8
-1,0.01939198856096945
-1,0.32690499767068143
-1,0.007893135922035145
-1,4.235553487332306E-7
-1,0.6293906219894374
-1,8.025728688561355E-6
-1,0.030557615653999996
-1,1.87673768246764E-6
-1,0.00664556677024606
-1,1.8944735673933576E-8
-1,4.840175394674351E-6
-1,1.0851731799733806E-6
-1,1.5568894633578675E-6
-1,0.011891900606709884
-1,1.0884579399523237E-8
-1,0.0026668009052430728
-1,5.852322895307661E-6
-1,3.56142307885663E-8
-1,0.17464301440370295
-1,1.6895520015459858E-5
-1,0.0399565436537318
-1,0.21367737794102554
-1,1.945912839996054E-6
-1,0.008373931302978322
-1,0.004167524472906836
-1,0.006670233502472748
-1,7.372563851536575E-6
-1,3.051067362452544E-8
-1,9.064017689862101E-6
-1,2.3770911182930104E-9
-1,8.595546843796533E-6
-1,0.9763768833246561
-1,1.7473281208729076E-6
-1,3.646752364584921E-10
-1,0.1758421480435429
-1,3.048999983360807E-8
-1,0.007867083397486898
-1,1.639450772154207E-8
-1,0.40244750252084316
-1,9.872312640640222E-6
-1,0.003106264328064756
-1,0.0036182700572918313
-1,0.23741644327932515
-1,0.01986150431133221
-1,0.20539185897857842
-1,4.3416461410513586E-8
-1,1.2362521940836585E-9
-1,3.3715559977452933E-6
-1,9.939416087852822E-9
-1,1.7330474003408797E-6
-1,8.926891970394376E-6
-1,2.8947231238672386E-8
-1,1.5733532447662394E-10
-1,1.4239445253003857E-6
-1,0.015345516433188386
-1,0.0035394879872213065
-1,8.377108584634703E-8
-1,1.0978846187579784E-5
-1,2.2992465342096307E-7
-1,1.1541137297243235E-6
-1,0.0025608653981494646
-1,2.840259269996146E-8
-1,0.003460186007798051
-1,0.638912994663656
-1,1.336220754183412E-6
-1,0.07221059457989867
-1,7.682711000873903E-8
-1,4.5729648106195065E-6
-1,0.013150149476283736
-1,0.10865229609988622
-1,0.21844284178772633
-1,2.4103385692133875E-7
-1,0.00512951252322287
-1,4.706687047325934E-6
-1,7.903299932196231E-9
-1,1.2902200460633423E-5
-1,0.01651499981614532
-1,8.248607255083785E-12
-1,0.14757307773527656
-1,0.33784257545233415
-1,0.007584465665775497
-1,1.3563812024919256E-9
-1,0.10674144091977761
-1,4.988388851270341E-8
-1,1.575924620675508E-5
-1,2.9034539931929176E-7
-1,1.814667554116232E-6
-1,9.200774786650391E-8
-1,1.725402643145455E-9
-1,0.003776863071904563
-1,9.468258482735831E-7
-1,0.007989575190800268
-1,2.7842935094128223E-8
-1,2.4954601145971045E-7
-1,0.035265244625730816
-1,1.782912227977004E-8
-1,4.6830092834538627E-7
-1,0.0037922357228485303
-1,0.004518392021370906
-1,0.007397720689186261
-1,0.006233821207816999
-1,3.0050134677826626E-8
-1,3.106373299117011E-6
-1,2.3319057959779545E-12
-1,2.869848457619238E-6
-1,0.057602430382233
-1,0.045317603875313986
-1,0.025518304807385636
-1,0.045110779702680626
-1,0.006044292703192608
-1,3.127365965599029E-8
-1,0.7035194570564006
-1,7.46013806421129E-10
-1,1.283933210974759E-5
-1,0.012993460703695512
-1,4.958782383969292E-7
-1,0.0390563634004842
-1,7.316404709143112E-9
-1,0.0041788913585261165
-1,1.747268569365541E-9
-1,2.4529968259799306E-6
-1,0.0034577375005785836
-1,1.0919755421926015E-7
-1,1.5518908558276932E-5
-1,0.5
-1,0.010837054315957516
-1,0.03068375855023613
-1,1.0822674978941042E-5
-1,0.24227968434288766
-1,2.992088958285192E-7
-1,1.0629047305778726E-5
-1,0.03189025459426264
-1,3.194798966948616E-7
-1,4.598204714350922E-8
-1,8.160153645503089E-8
-1,0.23979937257020173
-1,2.400412531956201E-7
1,0.58006657815357
1,0.9758254768510559
1,0.7736381441510288
1,0.5384284565256262
1,0.1472222997041293
1,0.8656745239522005
1,0.9756026859376346
1,0.3649201076151848
1,0.6952316611753131
1,0.8711085948753202
1,0.038118862167900606
1,0.8222632973762509
1,0.6675286624678498
1,0.6557772203324221
1,0.7268323040826958
1,0.46235945645144744
1,0.3083038688014499
1,0.04557693479715669
1,0.6678770449944795
1,0.23574509809822525
1,0.6775940284911206
1,0.036032852185625165
1,0.39837322962394417
1,0.9207818248564201
1,0.8327451586936117
1,0.05349209012901307
1,0.3555914430560091
1,0.5941904040854339
1,0.735108645297046
1,0.8958368158679657
1,0.9195076138520197
1,0.6869672046836922
1,0.7265675287812386
1,0.7121421264584664
1,0.7148431584214437
1,0.11650598753253556
1,0.7059608148141712
1,0.9145579444383266
1,0.8643698226167635
1,0.6918290188848569
1,0.9924599751045893
1,0.781122233263467
1,0.37830924906120694
-1,0.023003447884750804
-1,0.004243722541804085
-1,1.6598051793360699E-6
-1,9.660049270694455E-6
-1,0.006535600029572402
-1,0.0031356560932009644
-1,5.836785095013148E-7
-1,0.22497793597656987
-1,2.7413601965291195E-7
-1,0.005559888634404558
-1,0.013877899947171748
-1,1.0439065662774036E-5
-1,0.003060540281094536
-1,6.017994371313634E-6
-1,0.017535398015476125
-1,1.5316857458690802E-7
-1,0.5702374703099059
-1,0.01180745518249791
-1,1.51621889879207E-6
-1,0.003535126402266907
-1,0.36934112331073654
-1,0.013305108783926435
-1,0.0045514278443263825
-1,0.06773397841076755
-1,1.968881030000882E-6
-1,1.3392026852791155E-6
-1,0.025373831369048454
-1,0.8049437983995458
-1,0.0743149248039109
-1,0.018961804031490965
-1,1.7996855975617247E-9
-1,4.4357457423207884E-8
-1,0.010570891380726463
-1,0.3531839371264306
-1,3.00000089999998E-14
-1,3.256730785732228E-6
-1,3.6288046886767428E-9
-1,0.35191428895190907
-1,0.09470183869562793
-1,1.3483236654789599E-7
-1,0.007626191957312601
-1,1.3391978184387073E-5
-1,0.04178942393408236
-1,0.014021491874956077
-1,0.052942745088111275
-1,1.0459026220424489E-5
-1,1.0327094069718547E-7
-1,0.8132671803793088
-1,1.842339290555201E-7
-1,0.012812750479552512
-1,1.6410953713661311E-6
-1,0.02635696360981408
-1,1.0340948112718529E-8
-1,0.9731921601128674
-1,1.9521646132577683E-10
-1,1.3556939912616506E-7
-1,0.01669851585618501
-1,0.9366486464444355
-1,0.004510096906735997
-1,0.06307168265083903
-1,0.012988707745712749
-1,0.48830209219149456
-1,3.074778812254191E-8
-1,4.830288777056866E-7
-1,0.4640638345901046
-1,3.346892949469546E-10
-1,0.006835882581035664
-1,4.287648647729626E-8
-1,1.2177108020166647E-8
-1,0.33911329241192906
-1,2.4880355308024268E-8
-1,0.09346562758829084
-1,0.013382194128640508
-1,0.1301560880722832
-1,9.73877240097886E-7
-1,1.2783504589756613E-10
-1,5.528223480364246E-6
-1,0.005690561087104391
-1,8.69446598056164E-8
-1,1.1888869719642297E-7
-1,0.0033786246466207827
-1,0.054110704836836436
-1,2.95474303841672E-7
-1,0.04150713851198894
-1,1.1893460846417943E-5
-1,0.027553663835863034
-1,1.0882828901967645E-5
-1,0.018485632539500814
-1,0.013411592070376293
-1,0.009280464953707454
-1,0.5074730994290593
-1,0.09037201335162333
-1,0.005077597259008609
-1,6.240863840856941E-12
-1,2.421618825304614E-6
-1,4.723770898803155E-7
-1,0.27612743501707315
-1,0.13455726312688365
-1,9.42823095727723E-6
-1,0.432345060127447
-1,0.0531624325146252
-1,7.880157393242137E-7
-1,1.836525369008487E-7
-1,0.01297436574826944
-1,0.035438659582835784
-1,9.332523735546129E-8
-1,0.46831081751290266
-1,0.003452515736992584
-1,1.0950040665850868E-6
-1,0.03360662949592243
-1,1.2938426275548383E-6
-1,6.116159960576671E-9
-1,5.0523926832579604E-6
-1,2.1099609812095725E-8
-1,0.020176059497540224
-1,0.00923891453424876
-1,0.6097801786824072
-1,9.935872523010684E-8
-1,8.429181905196537E-6
-1,0.02773352567980002
-1,0.022339787637040556
-1,7.388616046647053E-7
-1,0.02105543716486603
-1,1.9957993534072065E-6
-1,1.1632347879235794E-7
-1,2.3923991814762613E-6
-1,7.6093088684584385E-6
-1,0.14286068569672922
-1,7.120342758673384E-7
-1,6.528855116189802E-6
-1,0.06493063404708202
-1,0.010063181727559125
-1,0.014063789792561582
-1,0.005610315254441337
-1,0.004808267317149825
-1,0.04497573284263619
-1,0.0046437503708584285
-1,1.3499994721523998E-5
-1,6.18736446524331E-10
-1,3.5083236866687093E-6
-1,0.022477883990661435
-1,0.019166756530277683
-1,0.0027803745267787534
-1,9.340878329952426E-8
-1,0.21623525034579538
-1,5.148087519323416E-9
-1,1.1018984801771481E-5
-1,3.491303127085488E-8
-1,0.04531840341270094
-1,3.233419438298755E-11
-1,0.6274237026289783
-1,0.008496203729063897
-1,0.010501619370780991
-1,0.052979313895757864
-1,1.0980820693474586E-8
-1,0.011107681204161684
-1,4.821879005702918E-9
-1,0.007449093374031844
-1,0.08715108143005075
-1,0.008149247988719526
-1,0.007603301009203102
-1,0.004818693089871752
-1,0.13376172567389313
-1,0.01691312809382192
-1,6.909073174273127E-6
-1,0.009508267498787346
-1,1.7270409034420202E-7
-1,0.005224525626916663
-1,0.0036675789496131745
-1,2.11405912754006E-7
-1,2.0116430817202324E-6
-1,0.004397625839918874
-1,8.235226165827128E-6
-1,1.0119353354267158E-5
-1,2.068240473042626E-8
-1,0.0029129888585691954
-1,1.4165462024497294E-7
-1,0.007082747543278647
-1,0.0031254114305373113
-1,0.1448781200441512
-1,0.024244755920432348
-1,0.007500939427796864
-1,6.794311257988701E-11
-1,0.005828576815130736
-1,1.8012226253028166E-6
-1,1.3672747960143303E-8
-1,1.9232097304390384E-7
-1,0.093593875949817
-1,0.014578189391155854
-1,2.503821905780634E-6
-1,0.005620252838399107
-1,0.01202446069513917
-1,0.11261182005663031
-1,1.2000279124983128E-10
-1,8.739181171991759E-12
-1,0.007222968497948
-1,4.91705048656302E-7
-1,0.11505365560986847
-1,0.10877509979153505
-1,2.5336961522954894E-8
-1,0.17124458824370592
-1,0.07811461545889761
-1,9.0259183642477E-8
-1,0.002951258313990162
-1,1.1164571359270013E-5
-1,0.016460404224162718
-1,0.006561139166854648
-1,0.3131357901412447
-1,9.876897743742374E-7
-1,0.014851818035482247
-1,1.8112594941855254E-9
-1,1.2002942152751795E-6
-1,0.04350402276810479
-1,3.5225914387094363E-6
-1,0.0034758885872606064
-1,2.5059056673690822E-6
-1,1.2539812159947992E-5
-1,0.007711753535152331
-1,0.015760358846552205
-1,0.003164988251579926
-1,0.22824171424775933
-1,0.04035616626427466
-1,0.21730315582159299
-1,7.129737124914431E-10
-1,0.0030476127427631872
-1,0.0076272222825001755
-1,0.009839386186231501
-1,0.064893056738477
-1,0.008606254142878238
-1,0.013911419703517015
-1,0.010068910901251761
-1,0.0075012452540712225
-1,4.712635165870472E-9
-1,5.899246086216844E-6
-1,1.2680974088878429E-6
-1,0.0055437497259956114
-1,2.8223316904210532E-8
-1,1.7835967262865277E-5
-1,0.007445634983412859
-1,0.11208886990167052
-1,2.733408162101891E-7
-1,0.09262382365852757
-1,0.003155266440833823
-1,2.708607066388596E-9
-1,0.007694164724661084
-1,0.00304022269050186
-1,3.7722807365010394E-8
-1,2.0470049334429763E-6
-1,1.0780720513271197E-6
-1,0.30097186066418036
-1,0.09888496330065903
-1,0.35511841617916423
-1,0.016459083342027933
-1,8.70823226937599E-6
-1,0.02395900619547456
-1,0.4203562424046322
-1,0.023535189253084777
-1,0.06319607773172913
-1,0.02787747339865304
-1,4.2067322208956716E-6
-1,0.005263143455617037
-1,1.6638659847189694E-5
-1,0.02533783163799234
-1,0.00293051336798888
-1,2.6034545765710006E-7
-1,0.02230503463125769
-1,7.176680156259816E-8
-1,0.14535271852638315
-1,0.17030745102985637
-1,3.665557317405983E-9
-1,0.03293666126414477
-1,3.488390499943238E-7
-1,1.495951813831513E-7
-1,2.245284703976378E-9
-1,6.70748800192731E-9
-1,7.393085489100689E-7
-1,1.1150959576904904E-6
-1,0.9017038181746379
-1,0.01341594392795842
-1,0.0069600622394340676
-1,3.353763984110463E-8
-1,0.1038768247194913
-1,7.599549994611185E-7
1,0.9596301647910557
1,0.0933566643226835
1,0.6452108189684039
1,0.9978102809939645
1,0.02858664512329791
1,0.6229662892370644
1,0.0691882627860439
1,0.8382459972299938
1,0.24694313067634663
1,0.5937876953496637
1,0.6409566852039551
1,0.5688082240843373
1,0.3414819460506321
1,0.38880569422130906
1,0.638137537624057
1,0.7973398956586935
1,0.7170693234443309
1,0.9235368217007588
1,0.9169129489208443
1,0.9842921455446219
1,0.7193585448004125
1,0.9722035006515976
1,0.9495137361648748
1,0.8532777917328485
1,0.551428500273683
1,0.9447053921310878
1,0.7783079935205639
1,0.007415843188804399
1,0.9450020213289091
1,0.8447784691530009
1,0.8603762353198632
1,0.990849061683122
1,0.5771198992176844
1,0.5460191937706992
1,0.9711711514171147
1,0.5167223256896568
1,0.14001038865737336
1,0.8266061920678492
1,0.9237266173037442
1,0.5354185861636218
1,0.07654949062710616
1,0.9139530361070879
1,5.41769939859376E-7
-1,3.580323081028793E-8
-1,2.3443585264406978E-6
-1,0.1954208031829966
-1,1.8432435418019124E-5
-1,3.2730703206179274E-9
-1,0.0466550782017626
-1,0.005823278905721782
-1,0.006632760078568914
-1,0.04907751022375392
-1,0.07829806111719409
-1,2.2228576053501175E-6
-1,1.2960094346739784E-5
-1,7.659490930576934E-8
-1,0.006336840664558397
-1,5.698203548858144E-7
-1,0.11099041579128328
-1,0.0669721487404472
-1,0.024824017606585223
-1,8.62386369444028E-6
-1,0.6706750352970928
-1,0.0038237662399210094
-1,1.9673713941016923E-9
-1,1.430222331287017E-9
-1,0.03548128746927611
-1,2.3836888317471604E-12
-1,0.014582181132895326
-1,0.009775172466883381
-1,0.014296245396092172
-1,0.0027704516371425845
-1,0.027613317128317987
-1,5.854695377984103E-6
-1,2.3138503314121653E-7
-1,1.5088534061172377E-6
-1,8.541808024683665E-7
-1,0.0026953009272709717
-1,2.946788586011562E-7
-1,0.017114792227454108
-1,0.08019812478241958
-1,0.13724115450390414
-1,1.7335561869271688E-8
-1,0.07867956055590548
-1,1.1036263419718914E-6
-1,2.722829424125522E-9
-1,9.243407494428594E-6
-1,0.1372849006012381
-1,9.975915675575425E-10
-1,2.0128730776446756E-7
-1,2.2821505938552927E-8
-1,3.7627285795598926E-6
-1,0.003781048392694193
-1,2.4066628286801138E-8
-1,0.00984959878437994
-1,6.759691080971958E-10
-1,0.1724382005420989
-1,0.02317665792488127
-1,0.014242070994177692
-1,0.9019948138848887
-1,0.016293186312601498
-1,0.0027148703582825983
-1,0.003613169800706973
-1,0.03970899848927513
-1,1.7492626674299464E-8
-1,0.05033484982680865
-1,1.8146668031536856E-6
-1,0.02230185733994362
-1,0.10640167877294332
-1,0.22334196238437776
-1,0.04341839976170673
-1,1.104594200034571E-7
-1,1.1384631258717654E-6
-1,0.008361222072009207
-1,0.1937913215783072
-1,0.02213123381653925
-1,1.704241338866541E-5
-1,0.20845768821170776
-1,0.0905605572391834
-1,1.3029115756834484E-5
-1,9.68994564027155E-7
-1,4.42714541275457E-6
-1,0.004134101716584588
-1,1.431874924924167E-5
-1,3.796989388191485E-7
-1,3.362792048274103E-6
-1,1.8640163112879002E-6
-1,0.0043922323683509915
-1,3.120879557178644E-6
-1,0.011788847866122302
-1,0.00965476713492654
-1,9.027293472784604E-9
-1,1.201410388584676E-5
-1,1.7732805755529812E-6
-1,0.2051104955391536
-1,0.009010733588397272
-1,1.914410278756527E-7
-1,1.6893812804648195E-5
-1,0.004719971464499985
-1,0.0622723896636126
-1,5.839079086446463E-10
-1,2.8406342477569795E-7
-1,1.737983014786397E-11
-1,1.74291362794508E-5
-1,0.4142207045194822
-1,0.006624786461724233
-1,4.109233727831127E-9
-1,4.294596845878798E-9
-1,6.464363119437859E-6
-1,0.08528442874979698
-1,0.02714338956878781
-1,1.5083167471432397E-7
-1,0.03487978237919616
-1,1.8973873622638093E-7
-1,0.12492780534099292
-1,5.724903450777209E-10
-1,0.0025239277719587387
-1,5.207135028821043E-6
-1,0.007035299173656247
-1,3.148468919568418E-8
-1,0.004513965162534306
-1,0.05592973754280333
-1,1.705358894001375E-5
-1,0.03119791461762195
-1,8.456261662368062E-9
-1,0.1473201917059624
-1,0.07045704671201372
-1,0.027115474038361256
-1,0.021773683186862007
-1,0.0030980357596759015
-1,3.995076518306719E-7
-1,0.08348729893111852
-1,0.7055057782030375
-1,0.09826733202234957
-1,0.0036547734947970176
-1,0.07281212743988669
-1,0.002606730451484874
-1,2.982373259751458E-7
-1,0.8829940070446936
-1,5.161246806067399E-7
-1,0.3212565046123617
-1,0.03324997383901855
-1,0.041627886812501014
-1,5.298130326013348E-6
-1,3.9576380578329174E-7
-1,0.03694925618088164
-1,0.0032937579514215483
-1,0.3258241823316112
-1,3.7567936393184557E-7
-1,0.04811268978930543
-1,3.097140031467583E-8
-1,0.004231885232953004
-1,0.0033731694728259104
-1,0.004716933193306533
-1,1.850925353194854E-5
-1,3.2590794340091026E-7
-1,3.592197622622844E-8
-1,0.003889910709314797
-1,9.912288758919271E-6
-1,1.167832657898475E-6
-1,0.18728713447964934
-1,0.014202561296939305
-1,0.012482019785360263
-1,5.938223413196122E-7
-1,1.9148353488775284E-6
-1,0.1036932820898894
-1,0.014459603475522055
-1,1.558167519085841E-6
-1,0.5300356176369307
-1,5.769338297555015E-9
-1,0.1268362352149208
-1,0.00275493402506979
-1,0.15883712309860126
-1,0.021427947155317283
-1,1.1169050991704812E-5
-1,1.6381873030301925E-5
-1,2.6560411568403045E-7
-1,0.00816963762538189
-1,0.004347351503199465
-1,1.917512710315801E-9
-1,1.353470042685025E-7
-1,0.01256969833409873
-1,0.18776131475736335
-1,0.006380970178107311
-1,0.11489549065977032
-1,2.4657142883703E-7
-1,7.138741442428352E-7
-1,0.004219075398391915
-1,0.015076658723045457
-1,2.8588039077365023E-6
-1,0.002560310915084371
-1,4.187689620496038E-6
-1,7.773814243418222E-7
-1,0.030831231556466356
-1,0.03058918632018325
-1,0.21651109614996425
-1,0.02078920463512567
-1,1.3821981893436329E-8
-1,0.0028140358326786664
-1,0.015068752908009055
-1,0.008377398515584257
-1,0.013965509530778557
-1,0.029739801439086035
-1,0.006546350441044721
-1,2.6132672438799757E-6
-1,1.9656378631119944E-6
-1,4.536046217553529E-6
-1,1.9926765430958246E-6
-1,0.3847843618111872
-1,0.08633627047197817
-1,0.057327028751542754
-1,0.027056165907710417
-1,1.3727500474032535E-5
-1,5.049445590513625E-10
-1,0.06267671856018178
-1,9.548925164356457E-7
-1,0.19479448127552546
-1,0.024825508034471287
-1,0.04600234990788631
-1,0.17157564787568189
-1,2.689168448387723E-8
-1,1.9944735482405826E-9
-1,0.0037994453771746906
-1,1.955534210432798E-8
-1,0.015054802712605776
-1,0.0025772820461429503
-1,0.00509827901638236
-1,0.021073047811592558
-1,0.11658323366519116
-1,0.12039484112082934
-1,4.805973485524437E-7
-1,1.3634554779897395E-6
-1,0.014718623537810931
-1,0.004551961856378563
-1,0.019832002596354543
-1,1.004530473996718E-5
-1,0.10642858174793679
-1,0.0041761313647820375
-1,0.06168567181290854
-1,0.005755564058377226
-1,1.918438423133446E-6
-1,0.20409892045889802
-1,1.4656858393324737E-9
-1,0.0030638670550007137
-1,0.03442873165368281
-1,4.579849102227869E-11
-1,5.522487844655302E-8
-1,0.029935392940856724
-1,0.06279951281080183
-1,0.003612644685152959
-1,0.04934713602374957
-1,0.029130041701290528
-1,0.0063458397712857825
-1,3.4165654638915778E-6
-1,0.14491639371508783
-1,2.2579620009585492E-10
-1,0.0038727535184320326
-1,0.029079687203187706
-1,0.007858686787516968
-1,2.6886192573293053E-9
-1,9.553173930319072E-7
-1,0.013080676408378336
-1,0.07436198079093866
-1,0.0036949861815521274
-1,0.043845342189151586
-1,1.4511867172772468E-6
-1,0.007028189815662903
-1,1.5227345870668091E-6
-1,0.15737412401944298
-1,0.027151011740547567
-1,0.0717409370932502
-1,1.1179283657534976E-6
-1,0.040015679094555806
-1,1.8079706177607801E-6
-1,5.6517049339689435E-6
-1,1.1381574929578858E-7
-1,4.61047242781177E-6
-1,0.18659839430338626
-1,0.04458863312478671
-1,0.006821206953163882
-1,0.023038052162280467
-1,0.003240000678310443
-1,7.035273509284379E-7
-1,0.014105213953168827
-1,0.006407586121226297
-1,0.02219863102296669
1,0.9688456087799614
1,0.9303622291405212
1,0.7889806282116741
1,0.8261928633626546
1,0.7020564966955001
1,0.9232407019120419
1,0.106334837277261
1,0.9120477961884151
1,0.6823794084250995
1,0.8586824587397641
1,0.7605711499128892
1,0.1955713340916375
1,0.716128240217392
1,0.7332686171900225
1,0.19681591590157232
1,0.8838542716108421
1,0.5083026536855686
1,0.9000376587813532
1,0.9506804241224445
1,0.9557017733530961
1,0.7856486082902647
1,0.9347802214747475
1,0.968911308993286
1,0.14621604656222076
1,0.1987211069871661
1,0.6940879790059148
1,0.7606647570664538
1,0.716249082008285
1,0.8408584803247215
1,0.7559466839596142
1,0.8284858542525928
1,0.1826064070643903
1,0.7726323292606776
1,0.6233859308458332
1,0.9287011570848939
1,0.8890661508860863
1,0.955154344963567
1,0.49107194549411276
1,0.25498710681925413
1,0.9058875753690679
1,0.10749069906039711
1,0.978245082813947
1,0.8029672945747021
-1,0.011405804658415253
-1,6.140159831221168E-7
-1,0.0692149998025472
-1,0.010787863290118074
-1,0.6351726236992226
-1,0.011745819919951585
-1,0.007973774556930761
-1,2.6253831068355774E-8
-1,0.26540809542128163
-1,0.01795836694551205
-1,0.040468527248773964
-1,0.0033051098102726624
-1,0.02061511022005937
-1,0.030649045791138817
-1,0.683520356110981
-1,2.929598357012101E-6
-1,2.993037432021507E-6
-1,0.12890221565260288
-1,1.8630261623518822E-8
-1,0.007236595510832123
-1,4.354432002968409E-7
-1,3.6210652062274374E-6
-1,0.011743607831913177
-1,0.020620346695467296
-1,0.03637744786826837
-1,1.6649532948541787E-7
-1,1.2406881020466748E-7
-1,1.953260704821211E-6
-1,4.0827110227810047E-7
-1,0.1258006998290082
-1,0.023707108329261137
-1,1.601385075387365E-10
-1,1.2908282470328427E-7
-1,2.096469049213671E-6
-1,0.014864173780353268
-1,2.2477456159487857E-7
-1,5.725644258856413E-9
-1,7.5865912669431295E-6
-1,0.375303221082496
-1,0.01285516399236228
-1,0.0195850229453018
-1,0.014079991290815833
-1,0.03471223303704707
-1,1.5694505032127025E-5
-1,0.0037406901043790944
-1,2.5709222144210683E-6
-1,0.020924924166318068
-1,1.2109299039013378E-8
-1,0.052311552052594114
-1,5.637902774007945E-6
-1,0.020511381466153743
-1,7.563346250064116E-7
-1,0.3132297117899681
-1,2.3149821010458813E-7
-1,2.922271494675747E-6
-1,1.266862082019924E-6
-1,0.027483115358136773
-1,0.003752675738279969
-1,0.004777840586396764
-1,0.003938941721748247
-1,4.848984729130081E-8
-1,2.906389872171987E-8
-1,1.4029866557290007E-8
-1,0.009324616317575014
-1,0.28047324386766415
-1,0.08187397026515733
-1,0.006190411624409164
-1,0.0027929164387333976
-1,1.0759126690612048E-5
-1,5.038652939372009E-7
-1,4.855471643391842E-7
-1,0.09937785381704117
-1,7.540795243714965E-6
-1,9.162730042452818E-7
-1,3.3980945785939178E-9
-1,0.03125601197605706
-1,1.8357220203575369E-9
-1,0.03474787484974499
-1,5.135045359031011E-7
-1,3.288176677521231E-6
-1,0.010943550990467999
-1,1.0395789791468902E-6
-1,1.32840934808166E-10
-1,3.5920476948877804E-6
-1,1.203782464035785E-5
-1,0.8162833519898829
-1,0.0975149431850441
-1,5.1238282777381605E-11
-1,0.479853669527976
-1,0.00881100242726744
-1,0.48812608747448244
-1,0.004698508388513059
-1,3.931383292826539E-9
-1,0.09556544706781293
-1,1.75696295887154E-5
-1,0.011671082593975758
-1,2.9546674364202794E-6
-1,9.070175704638528E-11
-1,1.6943417767857255E-5
-1,9.184859182832384E-6
-1,1.795656394076854E-6
-1,0.22525333246882764
-1,5.163674895647994E-7
-1,0.7775225016871358
-1,0.0051091245259184325
-1,5.925899492567025E-9
-1,4.944509248855323E-7
-1,6.323327713408233E-6
-1,5.3846337107426324E-9
-1,2.0883085265721031E-7
-1,0.013939292408409689
-1,0.1614887248403369
-1,0.03460574746814056
-1,0.18926931506172864
-1,6.690728381109274E-6
-1,0.009171891695880029
-1,0.09270868076172217
-1,7.3458302861022E-6
-1,0.1466558763069606
-1,3.0928169636919034E-10
-1,2.1582484436424855E-8
-1,0.07238902340440781
-1,4.15458851257177E-9
-1,2.68724240572821E-7
-1,0.010960354578023773
-1,3.4527788813111707E-9
-1,0.32988170066616884
-1,5.164298516449983E-6
-1,1.477565609281696E-7
-1,4.6770043726297085E-6
-1,0.0033876834080288163
-1,1.1639373392895125E-6
-1,0.00396596943400684
-1,4.735980759938777E-8
-1,3.32998126658984E-6
-1,3.4954982691235717E-6
-1,1.1923155779060062E-6
-1,0.13730020420995528
-1,0.009529745738336882
-1,0.44648582115270274
-1,0.0027362351548349964
-1,7.942801283417459E-6
-1,1.005453407510321E-5
-1,0.2718224277315303
-1,1.5084975452166823E-5
-1,0.007058145892881372
-1,1.303965947473676E-7
-1,0.17941721689523185
-1,1.7474788709452346E-6
-1,0.03003547887135524
-1,2.941902905788219E-6
-1,0.05218415258339736
-1,0.4108100853031281
-1,1.1947840249028481E-5
-1,0.2651115333978415
-1,1.0174609861721769E-8
-1,1.2315643020011727E-8
-1,0.0643788848640742
-1,0.006813776334357066
-1,2.9354051141116707E-6
-1,0.005483025791223293
-1,2.000794912795729E-8
-1,0.02441537562477814
-1,2.1077221908867267E-8
-1,0.8055519547795901
-1,7.59559965723597E-9
-1,0.006598708471048964
-1,0.009824833711319156
-1,1.8001209737257024E-5
-1,2.361222316297047E-9
-1,7.845303643349451E-8
-1,0.04618620590253571
-1,8.872201493672273E-9
-1,0.23268484076882548
-1,0.018376205772283702
-1,0.2547817481413059
-1,5.4325961500363395E-6
-1,0.02635771245007161
-1,1.938893677479455E-7
-1,0.004478040501517473
-1,3.819626100027959E-8
-1,0.010349465937341576
-1,1.0633972080970417E-6
-1,1.5036670170516461E-6
-1,0.005762428005598186
-1,6.708667228305317E-9
-1,0.005384434367676028
-1,0.004874702001738237
-1,9.091702509610001E-9
-1,0.03895476626085018
-1,0.008139389168347578
-1,7.959051042417241E-9
-1,7.927442628086752E-8
-1,0.008556042920275305
-1,0.4791209627509503
-1,0.026884049211088026
-1,1.5434697085639466E-6
-1,0.01310872632198836
-1,1.6515620208195395E-7
-1,0.007264653793771681
-1,0.04284736688305277
-1,0.014148580320317935
-1,0.06210405338928639
-1,0.015552808386703646
-1,0.017198441020780362
-1,1.105132353040864E-8
-1,0.04581119605150815
-1,0.006617532688255896
-1,2.6948910318904087E-6
-1,0.22045304213850125
-1,0.00928477272293297
-1,0.8454507860547293
-1,0.08513786269184845
-1,5.4734298541677134E-6
-1,5.993437434693134E-6
-1,0.09912206714458517
-1,0.1464668215309544
-1,0.006138940044064694
-1,0.0812895327901988
-1,1.1304780341044097E-9
-1,1.4783533187067847E-5
-1,0.06501927027691275
-1,0.8805014004095276
-1,0.0040626252063625575
-1,0.09232455787563006
-1,0.03215812382976019
-1,1.4311757560584857E-7
-1,0.39568051210794947
-1,0.05178120307807195
-1,2.012141058529896E-6
-1,6.965077078143944E-8
-1,0.06546114820216917
-1,0.09902569527316382
-1,1.6982245284952726E-6
-1,7.570657394816905E-6
-1,1.0514449582441069E-6
-1,8.267835750737994E-8
-1,2.6190949768746195E-8
-1,0.02356123547616765
-1,0.43513948825264664
-1,0.014353294839815733
-1,0.21702511223269147
-1,0.004272126442685535
-1,0.021075850185448216
-1,7.636671008888087E-9
-1,1.2858602527136411E-8
-1,0.0027438582439860944
-1,4.217826757677103E-6
-1,0.006766723463847967
-1,0.003352445730107448
-1,1.1810922340794856E-6
-1,0.002956396275200599
-1,2.385814853203613E-10
-1,2.7049351291815196E-6
-1,0.05930560296659761
-1,0.012802363921712316
-1,0.008930084368537065
-1,0.006077079570143081
-1,2.5613059665944024E-7
-1,1.16549803716177E-10
-1,0.23713027432422878
-1,3.427124233196295E-7
-1,2.0689250680395375E-6
-1,0.02158568534273459
-1,0.04923004390916882
-1,1.8079133332118656E-8
-1,0.30572060235814996
-1,0.01856598861999642
-1,0.44849431795617273
-1,5.578532378735435E-6
-1,1.5467329192213618E-7
-1,0.02146503376058354
-1,1.261598466467467E-5
-1,5.852440317323961E-9
-1,3.257875551529301E-9
-1,0.019974437843693342
-1,0.03985433225513478
-1,2.3190561092160606E-9
-1,2.5022365907130056E-6
-1,2.192419825503453E-7
-1,0.012143821210918308
-1,7.437303597234083E-6
-1,9.468912207803924E-6
1,0.9794013604470494
1,0.735395234456795
1,0.6900410916582016
1,0.9405793918157372
1,0.5317132428598309
1,0.8258422107128505
1,0.9391649508776703
1,0.9491480560920461
1,0.7324014242263541
1,0.9074886002248735
1,0.7775998222392471
1,0.9821824709092559
1,0.3981006669923769
1,0.46686133317519807
1,0.8485527376857048
1,0.9470151241439589
1,0.9236106720739018
1,0.6192374503810856
1,0.46803122388268154
1,0.9279097894255245
1,0.947378669083865
1,0.9247731241314454
1,0.900762614023847
1,0.9115614382947204
1,0.5833252023568398
1,0.8043452631985498
1,0.45070417431642007
1,0.8112695211738316
1,0.35190225260261215
1,0.49477651890727803
1,0.9982446139011912
1,0.9474652637717381
1,0.7060608659438161
1,0.48485427522441304
1,0.62887567629491
1,0.9978733038878798
1,0.29859943649952986
1,0.7310451574907739
1,0.8976538331436311
1,0.37306340267793503
1,0.7625133428863614
1,0.8040067157122373
1,0.25675292524088783
-1,1.7817586946598528E-6
-1,9.823198098975306E-6
-1,1.6959558836786154E-6
-1,1.5701602669164775E-6
-1,0.004925839308658728
-1,0.005385287886606551
-1,0.05965513845677782
-1,1.0572093795864428E-5
-1,0.015400196106647902
-1,0.12045749956003203
-1,0.11088729389231375
-1,0.011297697498389409
-1,4.895925462812462E-7
-1,1.530676226823203E-6
-1,0.006450795075461774
-1,1.5855117672661928E-5
-1,0.22179948080688064
-1,0.002619585482034505
-1,0.013740389042411311
-1,3.853659734644292E-7
-1,0.00892905051186516
-1,5.960946028063829E-6
-1,0.08331360406669777
-1,1.2518188460562024E-5
-1,1.3146570709761189E-6
-1,0.4132798128795499
-1,0.002687044926235314
-1,0.009281257663969486
-1,0.0029135977623723245
-1,0.005742658233857331
-1,8.394419971390783E-6
-1,0.006055966771889971
-1,3.9465775798736373E-7
-1,0.6202702238439705
-1,2.6061629438007985E-7
-1,0.14731627871084602
-1,0.06497012101135925
-1,0.0028739051149546807
-1,1.0516088867621325E-9
-1,0.03394441842380122
-1,0.016086959858903148
-1,4.4678119401615245E-6
-1,1.1778249037394681E-8
-1,0.003752046103209345
-1,4.350630396240101E-9
-1,0.005606979274693147
-1,0.1901082200777512
-1,0.030385578316628754
-1,0.046181976759058524
-1,3.086754801570431E-7
-1,4.1295416393004574E-7
-1,2.8711567187373535E-8
-1,0.14619130284115667
-1,0.011796282214624186
-1,0.002575967728759818
-1,2.3608956538257736E-7
-1,0.0025846864533711532
-1,0.24216805035605865
-1,0.028846018212427757
-1,0.06788581711032218
-1,0.07508817158539445
-1,0.15042048324534363
-1,0.006527060825185126
-1,0.038821580794634686
-1,0.5687875482321303
-1,2.000023119948439E-8
-1,0.05007099764889426
-1,1.5080991348475363E-7
-1,0.026514356041202163
-1,0.009566350393836014
-1,0.049851169320326454
-1,0.03636524204865149
-1,2.2984312562840298E-7
-1,0.023914225951541572
-1,0.005438831092874857
-1,0.01048506535480076
-1,0.002732601116664001
-1,0.23219233754172794
-1,0.008183804857101488
-1,1.4104539826770266E-5
-1,0.004638446692178119
-1,0.0054697302226752705
-1,1.2931751556480072E-8
-1,4.850928266767802E-6
-1,0.22206885276742758
-1,0.012084175527148066
-1,1.2525941771476602E-5
-1,7.452648064218092E-7
-1,1.8978247947198136E-9
-1,0.14816501450055997
-1,1.3430270082989202E-7
-1,1.0327844381629098E-7
-1,1.3020081934775383E-5
-1,0.04974179787908795
-1,1.8441925655817315E-7
-1,0.024392325265119447
-1,0.0029795480246255744
-1,2.763003156588166E-9
-1,3.7067726810521004E-7
-1,0.021593035773703993
-1,0.014946295730973764
-1,0.04026177895200223
-1,0.005229821606822973
-1,4.1738735965500635E-6
-1,0.044623500276282216
-1,1.151924284608459E-5
-1,0.012985097469144466
-1,0.09559067483989761
-1,3.86368893384311E-8
-1,9.906817866598791E-8
-1,0.3213844931743039
-1,1.6597130395783243E-10
-1,2.4739505793868924E-6
-1,1.4222233851571674E-5
-1,0.009607626049059289
-1,4.3846111879691755E-6
-1,2.2888318820315184E-8
-1,0.04553361286583754
-1,2.1022706531002857E-6
-1,0.04099332968139799
-1,0.0031553288702695055
-1,0.1933331869573969
-1,2.6936441862820995E-9
-1,3.882969282210646E-6
-1,1.6434916371284554E-5
-1,3.845336991481561E-7
-1,0.10850409868587495
-1,9.929126720289701E-9
-1,0.017760509060866646
-1,1.2693640727016808E-7
-1,0.03703060909729658
-1,0.0064202460231765415
-1,0.0761490389311931
-1,5.852925021179166E-7
-1,0.009442300337892564
-1,1.564908600385431E-5
-1,0.23770451810169743
-1,6.758493815664041E-10
-1,0.009774586223795559
-1,9.869653172354122E-7
-1,0.13116410597685407
-1,0.010430829424252663
-1,4.8800937230830205E-6
-1,0.01196063332999628
-1,4.0680185129527826E-6
-1,0.01647142607701346
-1,7.370161187836618E-9
-1,0.0886682721352742
-1,1.3218424505893476E-7
-1,5.3898617617913525E-9
-1,0.006208653116568038
-1,6.334039461110475E-6
-1,0.1782382744532807
-1,0.004667114502200237
-1,1.495908348193333E-5
-1,0.0038051706757673324
-1,1.3245782069077607E-5
-1,0.014825731121074983
-1,0.026357744256531753
-1,0.04247973464485685
-1,6.017135953551805E-7
-1,0.0043216998599883575
-1,5.341274133007421E-7
-1,0.0029552278374504297
-1,3.482813788691147E-7
-1,0.008964475664060924
-1,0.04146783863828691
-1,2.251524846475484E-6
-1,0.39611289604884886
-1,0.7566544370542183
-1,3.543785867226259E-6
-1,0.013148061285168603
-1,6.408607082824646E-6
-1,0.014275104927903891
-1,1.0974725709340966E-6
-1,0.002536578260050826
-1,6.910066152995503E-9
-1,0.0971916180354127
-1,0.09350449996553328
-1,4.377172090352467E-6
-1,9.589063908922487E-9
-1,2.1396599856634773E-9
-1,2.1985508591419425E-9
-1,0.015125516942486107
-1,1.7508123129708935E-6
-1,0.017726223455206684
-1,1.4007296335799135E-6
-1,7.59563215882138E-10
-1,1.4139062862256844E-6
-1,0.005701038477561009
-1,3.01526488941883E-6
-1,0.002758243155758304
-1,0.38225015191160217
-1,0.016016226860565454
-1,0.02140655502651682
-1,0.023991596439945865
-1,0.0029795211416929978
-1,1.4363005043585573E-5
-1,6.80586393865741E-6
-1,1.677251616281453E-6
-1,9.24286083773E-9
-1,0.015806407129524924
-1,1.053560851786555E-5
-1,0.1526352372831821
-1,0.7150331938817028
-1,0.17387233920199488
-1,0.0026335436134759514
-1,0.048724046420537445
-1,0.03347600594852936
-1,0.02787846817726639
-1,9.959576263190708E-10
-1,2.531974085362824E-8
-1,0.0031791917257465692
-1,1.1296245056327097E-5
-1,0.41544657742293145
-1,1.2865285871575064E-7
-1,0.11707988814430713
-1,6.545309527288928E-8
-1,1.4885588515874211E-5
-1,0.011244549311118185
-1,0.0026605438680111742
-1,0.02441606707111065
-1,0.006412162779099502
-1,0.035074184156823826
-1,0.15926143941598073
-1,0.11617847676178174
-1,1.279274677179539E-8
-1,0.03205854906545134
-1,0.03157965560595475
-1,0.026127255955881532
-1,9.31324570584858E-8
-1,1.5286300928006934E-6
-1,0.006027185076702041
-1,0.003446633740921893
-1,1.0851863304085614E-7
-1,1.1838321041326289E-8
-1,0.005410912198875952
-1,0.01046954186986952
-1,0.5726754105592523
-1,0.02631415625763236
-1,3.577864870473363E-7
-1,0.007400900893805137
-1,5.260950168735621E-8
-1,1.5559167019014268E-6
-1,7.904051873623605E-9
-1,0.061332690404236764
-1,8.841994242721005E-10
-1,1.902753644628366E-9
-1,1.5788726631196877E-7
-1,1.572844598980499E-11
-1,0.004265758313135877
-1,0.009197911607876851
-1,0.008019649830147938
-1,0.006744751172624706
-1,0.0035293307671281924
-1,4.308473494913276E-6
-1,1.716741282005437E-7
-1,0.02508971677739317
-1,0.0033991183558863608
-1,0.007761766819226455
-1,3.3444941654720885E-6
-1,0.009498855031793587
-1,6.515436828314543E-11
-1,0.03214314368650257
-1,0.006011992849922474
-1,4.890007744945899E-8
-1,0.022740312236803676
-1,3.3070731193868024E-11
-1,0.14749039744605874
-1,0.0034438553141150127
-1,7.743568816785968E-8
-1,0.03531598359436816
-1,3.6012475530489097E-6
-1,0.00455149479681482
-1,0.30674393888544177
-1,0.006295780235273879
-1,1.6117720227752044E-8
-1,0.12667505366835533
-1,0.005558678808653141
-1,0.22778432361873444
-1,0.006606685358188453
-1,0.09588045770039996
-1,0.003688342307661224
1,0.7793512658331312
1,0.6428332540139682
1,0.9732410413517432
1,0.8530993461976216
1,0.9444489570831102
1,0.6303006794180287
1,0.09084748437557617
1,0.7770301510995967
1,0.940424316790333
1,0.8924522690057648
1,0.4169345250417238
1,0.13242240878392825
1,0.513199743636006
1,0.10729570143193826
1,0.9890036669643625
1,0.6519098540687387
1,0.8728763763868497
1,0.9075668393888341
1,0.8684416956642518
1,0.8740940926014449
1,0.969812492528442
1,0.5379982984574544
1,0.853850513825682
1,0.9537149980335137
1,0.8710445618841981
1,0.6081279892665503
1,0.8148438162115286
1,0.26767965540697763
1,0.7411716580778533
1,0.8852338873470209
1,0.9722194962766413
1,0.9162340314978268
1,0.19116943484208349
1,0.02809496461311653
1,0.9653887200740201
1,0.45169732492275644
1,0.5857430929559387
1,0.49070687650686207
1,0.9228971820083599
1,0.9103677646015169
1,0.25399789247775273
1,0.8937059654359185
1,0.5721642658112582
-1,5.925657577932416E-7
-1,1.0447479998025034E-7
-1,2.762188989424661E-7
-1,0.024485468598699343
-1,0.61876583602441
-1,0.0027799933591354637
-1,0.0039243455377928555
-1,1.7008195564433595E-10
-1,2.800300970894058E-7
-1,0.007551952780415606
-1,0.025765754163490646
-1,1.0316704104812261E-6
-1,5.231038518999529E-6
-1,0.003217467155156505
-1,2.048217395435635E-6
-1,4.919422227013232E-7
-1,0.0026341316188933836
-1,0.01414827166591622
-1,7.752082670148589E-7
-1,0.004497053776422965
-1,3.805195607247439E-7
-1,0.019469391807547108
-1,0.10090299727046463
-1,1.6166770225267432E-7
-1,6.374589618121729E-7
-1,0.19650585403906343
-1,7.312330901452156E-6
-1,1.6358274002932135E-8
-1,1.2343611873857685E-8
-1,7.072011425489826E-7
-1,4.1248967110110326E-7
-1,0.0107151443815162
-1,0.02519621800755305
-1,0.020182175532040984
-1,3.00000089999998E-14
-1,1.0086093522174024E-7
-1,4.5581516384765475E-6
-1,0.023199352395351175
-1,6.127614465324065E-6
-1,0.46216055203146106
-1,0.0056252462175394495
-1,1.0822655613344098E-5
-1,4.491680517077503E-9
-1,0.003807682322554554
-1,5.67417340593235E-10
-1,0.01693440281856679
-1,6.920655608011871E-7
-1,0.12024762112140716
-1,0.002821961339237511
-1,0.1769349602492226
-1,0.02199463126983309
-1,0.01980025848118122
-1,6.837855337030637E-7
-1,1.2446105037702107E-6
-1,0.010932324643866934
-1,0.1452348059999148
-1,0.006023013152746731
-1,8.258264650764335E-8
-1,0.06092685793660938
-1,0.00891141939944477
-1,3.04194872022243E-6
-1,0.04505960118940334
-1,1.5641995414948393E-5
-1,1.3858681192020085E-5
-1,0.022991574011344735
-1,0.49152728398569717
-1,3.070632656763406E-8
-1,0.0227351364443158
-1,1.4260681320705538E-6
-1,1.4550560318337577E-7
-1,0.9392293318517021
-1,0.1677654971570019
-1,0.04318145710282464
-1,8.37402071002459E-10
-1,3.3873833545684666E-7
-1,1.8022586420117026E-6
-1,0.002758838161583326
-1,0.011579864060363812
-1,2.2478488951485894E-6
-1,4.6006375645746126E-10
-1,0.0673235133403467
-1,2.0485559044816854E-9
-1,1.098307550689038E-6
-1,0.12028229080148146
-1,5.520160587123898E-7
-1,2.89897937896148E-6
-1,0.003014445464353308
-1,2.0278893878129E-8
-1,4.884903520163081E-6
-1,0.005018334644234861
-1,0.2853957074133469
-1,0.08242985198874252
-1,0.7291917836890003
-1,0.015255405442207595
-1,3.7879598840618564E-6
-1,0.12668345333392925
-1,0.6988734287328991
-1,8.241238962499254E-8
-1,1.2340613970629928E-6
-1,0.018500223298750163
-1,0.06701155996271746
-1,0.5518600842149891
-1,3.756837361559208E-6
-1,6.200342894537662E-6
-1,0.018547146382723482
-1,0.010363544008036
-1,8.347384953239268E-6
-1,0.0034577538088870663
-1,0.01133395970127874
-1,2.0065318829703125E-7
-1,0.04903577354068449
-1,7.201976253635759E-12
-1,8.420621743750107E-8
-1,0.0518777661686525
-1,0.04122211571899587
-1,9.199926154039801E-7
-1,0.003927803103751047
-1,1.387616340242313E-5
-1,1.3481639184927458E-6
-1,6.661863200513971E-7
-1,2.0432321389739874E-7
-1,0.028507149275834375
-1,1.260852126126898E-7
-1,0.003058178101094471
-1,5.093401976089405E-6
-1,8.657092344363566E-6
-1,0.05648289458302988
-1,0.5668105802203891
-1,6.382980305165052E-7
-1,0.0028505293520323643
-1,3.92905206681962E-8
-1,4.867960349949385E-8
-1,2.0701505259885603E-8
-1,9.851861943791241E-8
-1,1.354875250531735E-5
-1,1.8368433892116501E-6
-1,0.0065371156368446036
-1,3.9378326977629144E-8
-1,0.007818216087684949
-1,1.106464959090022E-10
-1,0.15734200368369916
-1,1.813798120621821E-7
-1,0.022544851110603073
-1,0.12640363862155618
-1,0.0075983936691900135
-1,2.9619629801425716E-8
-1,0.18819368814161025
-1,0.00511061970763022
-1,3.210130398390035E-6
-1,3.4479231299936926E-8
-1,0.031345592696346423
-1,0.0617040508647168
-1,3.24219087732563E-7
-1,1.0362300197972953E-6
-1,5.701862322958448E-8
-1,0.008737715484373267
-1,0.03469280696242983
-1,1.0190338813672873E-8
-1,0.0030078141413997913
-1,3.394403881800131E-12
-1,0.009447387812676665
-1,1.4434304241967708E-8
-1,0.005420332906775579
-1,7.716087520146149E-7
-1,7.667117435092016E-8
-1,0.045630106609600166
-1,0.006322956921641734
-1,0.2477463184726121
-1,6.277386527564605E-6
-1,4.834219642904723E-7
-1,5.914396078407152E-7
-1,0.01725063583854577
-1,0.017465898398028486
-1,0.017654871161301586
-1,3.4542253081584835E-6
-1,6.277236456164792E-8
-1,4.962563541724834E-6
-1,0.0034151735870905395
-1,1.3068227129370505E-6
-1,0.006536742296628284
-1,3.66188517273907E-8
-1,7.357501802744045E-7
-1,3.8428639857123957E-7
-1,0.07230423026199688
-1,4.5473701062314924E-7
-1,1.0108191492722813E-6
-1,0.003267427384903443
-1,0.003228332405089276
-1,0.3592208213282661
-1,0.008245557748049906
-1,0.07677447493406525
-1,9.517513831321504E-8
-1,0.020958750284907464
-1,0.205468784188061
-1,0.08497095263520985
-1,0.0036991501349785245
-1,0.006162008698721391
-1,0.0077222338481704594
-1,0.10739396729693318
-1,3.208087144231458E-6
-1,0.12364383808272335
-1,0.005178425998815539
-1,0.008579339333438274
-1,0.004200725899711208
-1,2.141808416914876E-6
-1,8.707411006614194E-7
-1,9.654112684795955E-6
-1,0.008645874534902447
-1,4.523124884664531E-6
-1,0.32557410383733987
-1,4.5614223809857666E-7
-1,0.01909706739282848
-1,1.0080375005449994E-8
-1,0.24147997826439663
-1,0.024698779237169927
-1,4.385915418809785E-6
-1,0.0627295584814187
-1,4.6552635428330396E-7
-1,2.2595010299947796E-6
-1,0.019144404272032945
-1,7.739547948258711E-11
-1,0.004612529137727106
-1,1.0488409005937785E-9
-1,0.10000559955174354
-1,0.3197251560503105
-1,1.2894159479901552E-5
-1,0.02078503377373235
-1,0.007928191606874352
-1,1.5708591119439184E-7
-1,5.128963025616688E-6
-1,9.45542113702014E-8
-1,0.008322205736346315
-1,1.097938074098996E-9
-1,9.181528046096119E-10
-1,0.009907760042189398
-1,1.386765834698156E-5
-1,0.03838605069564308
-1,6.506911861757254E-7
-1,2.7540336645240643E-11
-1,5.880318373366458E-6
-1,0.0032149319411989207
-1,0.13456237182275707
-1,1.619349220110405E-5
-1,0.027060842002655232
-1,0.0076387486125566225
-1,0.003422053945371716
-1,0.0025666427440405822
-1,5.2153047696703526E-6
-1,4.2735115262166925E-6
-1,9.003264926488892E-6
-1,3.041063827767716E-8
-1,0.20775562781678739
-1,4.93782012934461E-8
-1,0.05023907708795747
-1,7.233969344484993E-8
-1,1.0893015229641746E-8
-1,0.004802979877873865
-1,4.993565385323429E-11
-1,3.2748109361536055E-7
-1,1.27722174621299E-5
-1,3.3271560082554876E-7
-1,0.004393043844812424
-1,1.8036235530790164E-7
-1,0.04198698216057318
-1,0.027676077492293047
-1,0.009957795094214445
-1,8.910576834773506E-6
-1,6.222336904604639E-7
-1,0.010296404212361634
-1,3.9281553652800965E-6
-1,1.8171662209672121E-6
-1,0.005142899780389769
-1,1.1867636243477239E-5
-1,1.7065345621355898E-6
-1,0.013559640971522546
-1,0.009041028391481945
-1,0.12345770277302638
-1,2.9357246258749256E-7
-1,1.9482736697221355E-6
-1,0.0029639974391298942
-1,0.007991964621762038
-1,1.0183642431580161E-5
-1,1.0312901574116374E-7
1,0.4477864789154594
1,0.8181164230351166
1,0.7712528046944055
1,0.5
1,0.6353043138766067
1,0.9392035518277747
1,0.9709480436864244
1,0.6497461765140977
1,0.2840123288876439
1,0.9055308012362953
1,0.49007387258295143
1,0.05359262689885758
1,0.9499287969104646
1,0.1886620806651323
1,0.38530263071653426
1,0.9466659746333181
1,0.03320864170975116
1,0.5345727637297141
1,0.9209075416540733
1,0.24200613533551232
1,0.18574825138052264
1,0.927902495458034
1,0.9875459967639267
1,0.28049730392463545
1,0.5215935308169233
1,0.7580407763718424
1,0.9856183806937464
1,0.4085864499955996
1,0.973328075346123
1,0.7085464805439158
1,0.825824695477017
1,0.7125012863255518
1,0.9577735950326297
1,0.925640158882632
1,0.952586194011895
1,0.9921719402813528
1,0.9402141349341258
1,0.26479626224436353
1,0.9992484314091149
1,0.9779554686736791
1,8.017968344270403E-6
1,0.946195302989479
1,0.8319982046186793
-1,2.7316229147590425E-6
-1,0.1880077795182424
-1,1.0644960727282384E-7
-1,8.338793785242825E-7
-1,0.436313084359529
-1,0.016823061451971943
-1,0.014697713265180575
-1,7.737132695432704E-7
-1,0.0032884057482828266
-1,5.132656692529317E-9
-1,1.3481285351915338E-6
-1,4.712701283549317E-8
-1,9.088848741305573E-9
-1,0.003549213008169467
-1,0.0036123760288158785
-1,8.032457570982554E-6
-1,0.00447380759870239
-1,1.6331464168428114E-6
-1,1.5518316486997653E-5
-1,0.004298465642931038
-1,2.2661756252203156E-7
-1,0.008584026266563566
-1,5.362713208125263E-11
-1,1.9761234794177507E-9
-1,5.825690850840915E-7
-1,1.1604255617265862E-7
-1,9.478149617606866E-9
-1,1.772993963126668E-5
-1,0.10545184797361758
-1,1.1172016500520069E-7
-1,0.9081833140344813
-1,2.5035421847826997E-7
-1,0.0035694357841163766
-1,0.0598966199425287
-1,0.10236743973287428
-1,0.16732372728155032
-1,1.6025427725279752E-5
-1,1.201882715158011E-10
-1,3.468104141856826E-7
-1,0.1609254135193927
-1,0.5064284638532532
-1,2.40303301181975E-6
-1,2.5802875628805603E-7
-1,0.9573468305253493
-1,1.6156781615440383E-5
-1,2.280894288170385E-6
-1,0.5506331732189607
-1,1.7108807644809829E-6
-1,2.21375562761946E-9
-1,5.19700849495767E-7
-1,8.400601365521176E-6
-1,0.029408419374117676
-1,1.2759248248720618E-5
-1,4.9550403704181045E-6
-1,0.004465566381370706
-1,0.040741980851653654
-1,0.023127261636184913
-1,4.9862415973104884E-8
-1,0.052563234762667665
-1,6.838500326406761E-7
-1,0.032901342643506304
-1,4.131768252648012E-12
-1,1.2329418935466565E-7
-1,1.931768590949509E-7
-1,1.479291031189076E-5
-1,1.4979511007138703E-5
-1,1.4541444849489058E-6
-1,0.05646291348271493
-1,1.8495269536999375E-9
-1,6.755107532145321E-9
-1,8.592841592658415E-7
-1,0.0238730638373619
-1,1.0917474843857423E-6
-1,0.03176465349550951
-1,0.008011250776838851
-1,0.08460308310738314
-1,1.3515034890812598E-9
-1,0.016203820987493123
-1,9.536980221898245E-6
-1,0.01823511160260018
-1,0.0025931878193799227
-1,9.382499748002408E-6
-1,1.5486080795302232E-6
-1,4.282547653129001E-14
-1,0.01386414406231762
-1,0.11576861013818471
-1,0.02615330615720219
-1,9.896217306444525E-11
-1,2.4658787447833085E-6
-1,8.940797400997401E-11
-1,0.014171683373849372
-1,0.0399809980393724
-1,0.5702213493752535
-1,0.02733602347538574
-1,0.004555810793913064
-1,0.006187095258188704
-1,1.1256343280151761E-7
-1,3.291635838744704E-7
-1,6.172380446190423E-8
-1,9.544380631298721E-8
-1,1.7132315852084127E-7
-1,6.56433729118151E-8
-1,0.006428753550759355
-1,0.41506335434824865
-1,0.00359407955514541
-1,3.098293771729447E-8
-1,0.1260570375166293
-1,1.7470373283467217E-5
-1,1.6078978694400128E-9
-1,1.704278340677867E-8
-1,1.63645340858804E-6
-1,1.0750374817650987E-5
-1,8.762992697466416E-6
-1,0.004239224411492078
-1,4.757655982146595E-10
-1,0.013026285021028117
-1,0.013182993642608415
-1,0.004309675008727566
-1,0.01747543034018153
-1,1.3770346840594472E-5
-1,7.357486230748748E-6
-1,0.009398702472544944
-1,0.00364176556410594
-1,3.872989089648312E-6
-1,0.020433835784575034
-1,1.1583051777804241E-9
-1,0.023417514546247267
-1,1.5035828887074805E-6
-1,5.388323734479168E-9
-1,3.4023030069246687E-9
-1,2.631897906055277E-9
-1,2.7281381610313276E-7
-1,5.199813327692457E-7
-1,0.2357034043300138
-1,0.6571395905265702
-1,7.70476034760506E-6
-1,1.3435849407664365E-7
-1,0.0028423002796055283
-1,1.0905556932269536E-8
-1,1.6547796532780172E-8
-1,5.893037558370677E-6
-1,1.3160691819669342E-9
-1,0.5594590488448227
-1,0.010760838228590329
-1,0.13607386128015833
-1,1.9210999636768788E-10
-1,3.2092378733905213E-6
-1,0.7728527693205338
-1,0.011672954185627422
-1,9.247536724103516E-6
-1,5.4136723884913814E-11
-1,0.530543662152004
-1,0.22590139340838666
-1,0.006998304556449389
-1,3.5464499231743947E-6
-1,2.974796457791821E-6
-1,1.7227793292174947E-5
-1,0.02794355843704574
-1,1.0843622023569892E-9
-1,1.1836818068172782E-8
-1,4.418972702494492E-6
-1,5.95648416314102E-9
-1,5.053062972298038E-7
-1,0.18688033271645754
-1,0.004039767622272913
-1,1.5859656047152428E-7
-1,1.5355129478753946E-5
-1,0.10174712717077843
-1,3.998956048652109E-9
-1,0.033522801533395846
-1,4.898518265468602E-6
-1,0.08234575586527847
-1,0.013111829096306591
-1,2.333978479628921E-6
-1,1.522620086698052E-8
-1,6.4051082425975774E-6
-1,3.600350976081532E-8
-1,1.1163854036181559E-7
-1,0.0625166147619884
-1,3.1060472542113625E-11
-1,0.07223272948944363
-1,2.5788245349508797E-6
-1,1.8322244995968074E-6
-1,0.0054464818153337384
-1,0.0029403287531549705
-1,0.007607709246534183
-1,1.3748863070864841E-6
-1,0.007094639589228889
-1,2.2418466291376102E-7
-1,0.006173296370702693
-1,0.006032237292830125
-1,0.008147117957081241
-1,2.3046712542751412E-7
-1,0.09273387304836786
-1,4.652364900890304E-8
-1,0.005542404403230684
-1,0.010678848599643648
-1,1.4102865539278308E-8
-1,0.002696248999578362
-1,8.091386573501731E-6
-1,3.7027196301700647E-6
-1,7.653530310880295E-6
-1,0.045357526792494114
-1,3.2729606769349494E-8
-1,0.020362140508158794
-1,0.02879523528830756
-1,0.0025987817794427374
-1,0.004500914894395372
-1,0.006819864765441697
-1,6.747869216699889E-6
-1,0.006198528568140512
-1,1.0855965539948427E-8
-1,0.0230751739284143
-1,0.46603607034169303
-1,5.844482904227525E-8
-1,0.017672288525920437
-1,1.3982548686006067E-7
-1,0.016793545587076547
-1,0.012163397218793816
-1,7.005728503158279E-9
-1,0.006336676581818511
-1,0.004963825129653006
-1,0.0032676732838864205
-1,1.7021989082238083E-8
-1,0.02446986009239742
-1,0.008462043074993977
-1,0.007273845471842778
-1,5.167225079226129E-9
-1,0.009372891977713096
-1,7.476990527884004E-6
-1,1.105357937875437E-9
-1,0.009653752066368166
-1,0.016323102511527583
-1,0.0049848089992709736
-1,0.4504197180519077
-1,2.7418007584681446E-7
-1,1.420978321688264E-5
-1,4.736606427092734E-7
-1,2.702472681023257E-6
-1,2.1676414767892005E-10
-1,2.141632980493547E-6
-1,2.450990086455233E-9
-1,0.031459919930794146
-1,0.003358120436421116
-1,0.25416696073497125
-1,1.0441261910139897E-6
-1,3.7623457526603145E-8
-1,8.579162971565267E-7
-1,1.668193739888885E-6
-1,0.010811373996747697
-1,0.022056514785378824
-1,5.632591566114435E-9
-1,0.11170989819068478
-1,8.041673984464565E-7
-1,1.432037528152602E-5
-1,1.1593030201770836E-9
-1,0.003760103847721033
-1,5.984001898939964E-9
-1,0.00529464475432352
-1,0.03365432767618468
-1,0.06949390774526149
-1,9.147726093217644E-7
-1,6.108842294195841E-8
-1,0.016543483170050912
-1,3.5523084169661506E-7
-1,0.19457939262158125
-1,0.017614097422160257
-1,0.6365464375458123
-1,7.3986597843001264E-6
-1,1.181233021271334E-8
-1,0.00548950530008355
-1,4.7592133879608074E-8
-1,0.005770838125601396
-1,1.8637087498061684E-5
-1,4.734134629287529E-9
-1,0.006526725485404888
-1,0.06945757945225452
-1,0.011623354559845095
-1,5.60372573353332E-10
-1,0.0045343996413593785
-1,9.684582775094742E-8
-1,3.480537775501095E-9
-1,0.014097351267290644
1,0.9337001820464568
1,0.3977085251243096
1,0.9887979583626213
1,0.8188388589009453
1,0.8424434473267929
1,0.9545231568501774
1,0.8345120623496483
1,0.7443658006640549
1,0.6908852982034159
1,0.9180091736558021
1,0.4645465872928716
1,0.8898733962299257
1,0.8430317850305614
1,0.9300807078606567
1,0.840039812256928
1,0.9925166326743309
1,0.6353638135992024
1,0.8424608811108577
1,0.9131952525793782
1,0.004774966153174257
1,0.9814273603523276
1,0.7626072319162588
1,0.6601972145754675
1,0.9870618276374356
1,0.9630489267792325
1,0.6571580521841065
1,0.6223060810422335
1,0.6468807199210092
1,0.3644031604075803
1,0.8004354640051231
1,0.9658002512359417
1,0.9919694864895982
1,0.4005124712084864
1,0.4816629987753707
1,0.3096811625940455
1,0.7682552361209755
1,0.6375086114303931
1,0.9081023121618921
1,0.9816846546312481
1,0.6061491656088086
1,0.024724051911641638
1,0.28776530397926187
1,0.8115933217696503
-1,0.01308255183419111
-1,0.011669325365610307
-1,4.841617538214924E-7
-1,8.668822118301958E-7
-1,0.00795306789728308
-1,0.029315500682707576
-1,4.880845944366496E-7
-1,0.005833455556781053
-1,0.1581620543244267
-1,0.005029899191628463
-1,0.0484315920546748
-1,8.03506731239663E-9
-1,0.0037978600455962734
-1,0.0173491855494902
-1,0.02499130275144476
-1,0.0065936613807143
-1,0.017002109126243014
-1,0.021747677281736752
-1,0.06839128377784728
-1,6.323885657563277E-7
-1,0.26627997387831914
-1,0.061376620821023506
-1,1.6079795011143261E-6
-1,4.787737644360615E-8
-1,0.007325296558614494
-1,6.703415806127278E-8
-1,0.05444715647646518
-1,6.663145368995039E-6
-1,0.07128300011113757
-1,4.234949663811301E-6
-1,0.05825254504069519
-1,0.005980965288138978
-1,0.003908814453418356
-1,1.9510313997483502E-7
-1,0.3804392868439517
-1,0.005877309364157855
-1,7.430438041685343E-6
-1,2.1690677380038075E-7
-1,0.2385256044637413
-1,0.04223647251825288
-1,1.5441627208507597E-6
-1,9.579647193042123E-7
-1,8.252081198490784E-6
-1,5.3474493605200565E-9
-1,0.03183879946003489
-1,2.1758014228098415E-9
-1,1.644240435783703E-5
-1,0.28860557714518287
-1,5.327170508134326E-6
-1,0.01416529818213424
-1,0.012483515530905013
-1,0.5400842251830456
-1,0.036172071576870454
-1,2.6861650494285747E-7
-1,4.663205228897949E-7
-1,1.1615924358377835E-5
-1,0.034919518241576346
-1,0.2067722846486114
-1,0.0064514189212236065
-1,1.065835731031152E-5
-1,0.02280500450843551
-1,0.007863041149704606
-1,0.046193415361147655
-1,0.05283020606063218
-1,0.0043594217646747155
-1,6.817370449477034E-6
-1,0.016977874262409202
-1,0.11922990567258836
-1,0.006862044691498438
-1,0.005243573051489693
-1,0.0971819905157425
-1,0.11806943333783827
-1,3.3529536190773143E-7
-1,3.09168074915331E-10
-1,0.005597948577354114
-1,0.09358228214742324
-1,0.15884811261567225
-1,1.2667213192631444E-5
-1,0.013551282830129364
-1,0.18510058261028509
-1,0.16678741596792657
-1,9.08896003299541E-6
-1,0.02957696667383705
-1,0.0315643851821645
-1,0.012852495859991854
-1,1.4735028364034976E-7
-1,0.02913403480949298
-1,2.0261220548886246E-7
-1,1.3202485775500636E-8
-1,0.006141863544839425
-1,0.0221529261293282
-1,0.013344691636826302
-1,0.009661582946923288
-1,0.0071996238900880185
-1,0.02816467876491391
-1,9.136939550434288E-8
-1,0.28197855027516006
-1,0.029190688999109277
-1,9.518696310434502E-6
-1,0.008261220136084513
-1,3.207416400693537E-10
-1,0.020022216596452917
-1,0.003301827948702005
-1,2.63015233002166E-8
-1,0.004572593673035478
-1,0.01365001316614046
-1,3.961240996720237E-7
-1,0.029898914698117632
-1,1.1663883446934033E-5
-1,0.011386261904752181
-1,0.002786380403640047
-1,2.09145740037614E-7
-1,1.5210860374259587E-7
-1,4.9398209416276855E-6
-1,7.54026054515048E-9
-1,0.00388890906200761
-1,2.602281669052158E-8
-1,0.1289529198144056
-1,4.796181002052284E-8
-1,9.19185063105659E-8
-1,4.6913628233415387E-8
-1,1.4079533494556637E-6
-1,3.947132029525569E-6
-1,0.010522080089865498
-1,0.0200606482663752
-1,0.03554086698119275
-1,0.004456429123254596
-1,0.009654133194093823
-1,0.013422820681440507
-1,5.089119081524935E-7
-1,1.735462759813231E-10
-1,0.0362476604976057
-1,5.89779257831747E-6
-1,1.2319628794928183E-6
-1,0.03460762040047082
-1,0.01259154243507987
-1,0.07967875364558516
-1,5.9450783091209435E-8
-1,0.030064562592597655
-1,1.8471462342129664E-7
-1,1.9397585588658197E-7
-1,4.5500945714994155E-7
-1,2.467247003599789E-6
-1,0.008510653284482502
-1,3.3797484507822483E-6
-1,0.007780972468150867
-1,0.08216947154795363
-1,3.7708681225398903E-6
-1,0.11331851767485081
-1,9.440259334732485E-11
-1,0.006152027723189132
-1,5.6576203769968644E-8
-1,0.004730463689219496
-1,1.2896453420579876E-9
-1,4.2466520844794865E-6
-1,0.003973659047794889
-1,9.182638020334228E-8
-1,0.02814601838569311
-1,0.21982023469023157
-1,2.6546105006701754E-6
-1,0.0049285427147770225
-1,1.8894420664588133E-5
-1,0.01643785227866932
-1,0.09525676393344329
-1,1.6822774803073523E-5
-1,1.2997223217978726E-7
-1,0.03211674343319367
-1,3.325747054681124E-8
-1,0.003436649585013369
-1,1.6525838783866437E-6
-1,8.189743658320071E-6
-1,0.3008055309351055
-1,1.3473884058819515E-8
-1,0.06854285927478959
-1,0.0036559755686286282
-1,0.09525977262370644
-1,0.011285039063502662
-1,3.00000089999998E-14
-1,0.027167463905242488
-1,1.5112395391781514E-5
-1,0.005342953975582599
-1,1.5777806621877704E-6
-1,1.6348677651794034E-7
-1,3.7795098122282156E-8
-1,0.016954536732570292
-1,0.013035102541220894
-1,0.022742672789434596
-1,5.632195162302118E-9
-1,0.13284343044194033
-1,0.025800913164575126
-1,0.023083555997866777
-1,1.616846216235918E-5
-1,3.44867732186317E-10
-1,0.008659699977116185
-1,9.359072407026676E-8
-1,0.11748112234047912
-1,0.5
-1,3.3387044465819916E-7
-1,0.004774976287609847
-1,0.2838648398155696
-1,1.3882633590350177E-5
-1,0.6009539747167567
-1,5.210592108309424E-8
-1,0.014373534300851892
-1,0.44004517962237255
-1,1.4325071987833816E-5
-1,2.1672258551617775E-7
-1,0.017546061521051346
-1,1.8043934928835493E-6
-1,0.06273501156545143
-1,0.004599847908737032
-1,5.877925750699576E-9
-1,0.012589755005746371
-1,0.030096610351939033
-1,1.566621683151679E-5
-1,4.125997781265015E-8
-1,0.012116505637207151
-1,2.7872422803580396E-7
-1,0.0029650377933489605
-1,0.004360559994926466
-1,1.4182668391558646E-6
-1,2.3785794037784113E-10
-1,2.155496842365443E-6
-1,0.18329311640375695
-1,6.922876376105747E-8
-1,0.030879570179619616
-1,0.024219315471013254
-1,0.004988427470834153
-1,0.018624309457825783
-1,1.6310849529307217E-6
-1,0.22716354116544632
-1,0.004957761131501458
-1,6.922762576690793E-6
-1,0.011755667132456597
-1,0.002685699473607162
-1,2.5879482896468327E-9
-1,0.008684524581662384
-1,0.00285913132332776
-1,0.23934026743292006
-1,3.854120449021838E-6
-1,0.40693570817811386
-1,0.0026472544450036636
-1,0.005784386937261147
-1,6.075824505169285E-7
-1,0.01351346978443149
-1,1.0619897510692537E-9
-1,0.12882507034803545
-1,0.03313372107000864
-1,0.002930631283197643
-1,0.024322522142308723
-1,0.09501115950741487
-1,3.825718121453102E-9
-1,0.002746869942558491
-1,0.03443257987841597
-1,1.4765011452225183E-5
-1,1.3617059274383885E-6
-1,0.011225165718418808
-1,0.006394560124600387
-1,2.588684947961744E-6
-1,8.071238977077889E-6
-1,4.3891747516502586E-7
-1,0.10858214273385032
-1,0.0026094095392203876
-1,4.1692380863527333E-10
-1,8.564192674922298E-6
-1,0.2800357359208129
-1,0.009678812787408854
-1,1.2432746358276025E-8
-1,0.0121888738261879
-1,1.6730303342983871E-7
-1,5.8333580930076875E-8
-1,2.245288853615053E-8
-1,0.014786540881726713
-1,0.01118483753608371
-1,0.002721937028596147
-1,9.470499543714116E-7
-1,0.005375687252163883
-1,9.496109859959297E-10
-1,0.002782998001716799
-1,0.002937924503238106
-1,4.621781761460385E-6
-1,0.0064611985500010035
-1,0.09891825167395514